-9.371500000000000341e+01 1.506780000000000008e+01 8.099999999999999645e+00
-9.849519999999999698e+01 1.855389999999999873e+01 7.099999999999999645e+00
1.690946999999999889e+02 -1.879779999999999873e+01 6.400000000000000355e+00
-1.769365999999999985e+02 -2.371349999999999980e+01 6.400000000000000355e+00
1.290306999999999960e+02 4.133429999999999893e+01 6.299999999999999822e+00
1.398112000000000137e+02 2.776429999999999865e+01 6.099999999999999645e+00
1.625497000000000014e+02 -5.037100000000000222e+01 6.099999999999999645e+00
1.446692999999999927e+02 3.798160000000000025e+01 6.099999999999999645e+00
-9.494530000000000314e+01 1.674749999999999872e+01 6.099999999999999645e+00
-2.557829999999999870e+01 -5.778860000000000241e+01 6.000000000000000000e+00
-3.367649999999999721e+01 5.712720000000000198e+01 5.900000000000000355e+00
1.478336999999999932e+02 -5.110000000000000320e+00 5.900000000000000355e+00
1.527133000000000038e+02 -6.211299999999999599e+00 5.900000000000000355e+00
1.457319999999999993e+02 1.866989999999999839e+01 5.799999999999999822e+00
-7.214699999999999136e+01 -3.182000000000000028e+01 5.799999999999999822e+00
-9.416249999999999432e+01 1.569790000000000063e+01 5.799999999999999822e+00
1.424059000000000026e+02 4.032059999999999889e+01 5.799999999999999822e+00
-3.402599999999999625e+01 5.704860000000000042e+01 5.700000000000000178e+00
-9.427360000000000184e+01 1.517029999999999923e+01 5.700000000000000178e+00
-9.434910000000000707e+01 1.547499999999999964e+01 5.700000000000000178e+00
1.423372999999999990e+02 2.395289999999999964e+01 5.700000000000000178e+00
1.488567999999999927e+02 -6.318399999999999572e+00 5.700000000000000178e+00
-1.271620000000000061e+01 -1.852619999999999933e+01 5.700000000000000178e+00
1.130027999999999935e+02 -6.141000000000000014e+00 5.700000000000000178e+00
-1.268341999999999956e+02 4.041440000000000055e+01 5.700000000000000178e+00
1.248735999999999962e+02 7.628499999999999837e+00 5.700000000000000178e+00
-9.401479999999999393e+01 1.540130000000000088e+01 5.700000000000000178e+00
-9.455759999999999366e+01 1.525370000000000026e+01 5.599999999999999645e+00
-9.404649999999999466e+01 1.490390000000000015e+01 5.599999999999999645e+00
1.465947999999999922e+02 1.401580000000000048e+01 5.500000000000000000e+00
1.679942000000000064e+02 -1.623770000000000024e+01 5.500000000000000000e+00
-9.393890000000000384e+01 1.508900000000000041e+01 5.500000000000000000e+00
-9.394060000000000343e+01 1.486219999999999963e+01 5.500000000000000000e+00
-2.832920000000000016e+01 -5.546439999999999770e+01 5.500000000000000000e+00
-9.405700000000000216e+01 1.511619999999999919e+01 5.500000000000000000e+00
-1.087724000000000046e+02 2.356139999999999901e+01 5.500000000000000000e+00
1.050014999999999930e+02 3.231960000000000122e+01 5.500000000000000000e+00
1.285425999999999931e+02 3.940500000000000114e+00 5.500000000000000000e+00
-8.550350000000000250e+01 1.011299999999999955e+01 5.400000000000000355e+00
1.339355999999999938e+02 -4.945899999999999963e+00 5.400000000000000355e+00
1.429030999999999949e+02 4.176030000000000086e+01 5.400000000000000355e+00
-9.490720000000000312e+01 1.622599999999999909e+01 5.400000000000000355e+00
-1.736568000000000040e+02 -1.663040000000000163e+01 5.400000000000000355e+00
1.327411999999999921e+02 1.216900000000000093e+00 5.400000000000000355e+00
-1.799475999999999942e+02 -2.358559999999999945e+01 5.400000000000000355e+00
-1.797911000000000001e+02 -2.487249999999999872e+01 5.400000000000000355e+00
-1.114177999999999997e+02 4.263730000000000331e+01 5.299999999999999822e+00
-9.448930000000000007e+01 1.560139999999999993e+01 5.299999999999999822e+00
-9.399869999999999948e+01 1.529940000000000033e+01 5.299999999999999822e+00
-9.433839999999999293e+01 1.554400000000000048e+01 5.299999999999999822e+00
-9.483839999999999293e+01 1.626980000000000004e+01 5.299999999999999822e+00
-9.484839999999999804e+01 1.582959999999999923e+01 5.299999999999999822e+00
-9.383200000000000784e+01 1.518200000000000038e+01 5.299999999999999822e+00
-7.131570000000000675e+01 -1.627469999999999928e+01 5.299999999999999822e+00
1.217571999999999974e+02 2.329309999999999903e+01 5.299999999999999822e+00
1.410234000000000094e+02 3.134730000000000061e+01 5.299999999999999822e+00
1.397504000000000133e+02 -3.592600000000000016e+00 5.299999999999999822e+00
1.452449000000000012e+02 2.026569999999999894e+01 5.299999999999999822e+00
1.405579999999999927e+02 2.877860000000000085e+01 5.299999999999999822e+00
1.599977000000000089e+02 5.318789999999999907e+01 5.299999999999999822e+00
-7.000969999999999516e+01 -1.926210000000000022e+01 5.200000000000000178e+00
-9.437220000000000653e+01 1.546390000000000065e+01 5.200000000000000178e+00
-9.418980000000000530e+01 1.542740000000000045e+01 5.200000000000000178e+00
-9.442029999999999745e+01 1.549360000000000070e+01 5.200000000000000178e+00
-6.617210000000000036e+01 -2.245459999999999923e+01 5.200000000000000178e+00
-9.447429999999999950e+01 1.579119999999999990e+01 5.200000000000000178e+00
1.701022000000000105e+02 -1.383450000000000024e+01 5.200000000000000178e+00
-1.125688999999999993e+02 -2.663329999999999842e+01 5.200000000000000178e+00
8.352160000000000650e+01 4.219360000000000355e+01 5.200000000000000178e+00
1.598207999999999913e+02 5.293350000000000222e+01 5.200000000000000178e+00
1.508422999999999945e+02 -5.563699999999999868e+00 5.200000000000000178e+00
1.417667999999999893e+02 3.729979999999999762e+01 5.200000000000000178e+00
1.479821000000000026e+02 -5.138399999999999856e+00 5.200000000000000178e+00
1.537920000000000016e+02 -5.227299999999999613e+00 5.200000000000000178e+00
1.287796999999999912e+02 1.897299999999999986e+00 5.200000000000000178e+00
9.193330000000000268e+01 1.190800000000000081e+00 5.099999999999999645e+00
-1.736488999999999976e+02 -1.539860000000000007e+01 5.099999999999999645e+00
-9.409629999999999939e+01 1.492229999999999990e+01 5.099999999999999645e+00
-9.416259999999999764e+01 1.591779999999999973e+01 5.099999999999999645e+00
5.471490000000000009e+01 1.474130000000000074e+01 5.099999999999999645e+00
-9.484279999999999688e+01 1.561810000000000009e+01 5.099999999999999645e+00
1.343850999999999942e+02 -4.189199999999999591e+00 5.099999999999999645e+00
-1.783592999999999904e+02 5.152349999999999852e+01 5.099999999999999645e+00
-9.409700000000000841e+01 1.544209999999999994e+01 5.099999999999999645e+00
-9.376100000000000989e+01 1.517319999999999958e+01 5.099999999999999645e+00
1.549693000000000040e+02 -6.402700000000000280e+00 5.099999999999999645e+00
-9.455200000000000671e+01 1.530310000000000059e+01 5.099999999999999645e+00
-1.367497999999999934e+02 5.990370000000000061e+01 5.099999999999999645e+00
5.399530000000000030e+01 2.795479999999999876e+01 5.099999999999999645e+00
1.208175999999999988e+02 1.367040000000000077e+01 5.099999999999999645e+00
1.063876000000000062e+02 -5.929800000000000182e+00 5.099999999999999645e+00
-1.782891999999999939e+02 -1.806180000000000163e+01 5.099999999999999645e+00
-1.785948999999999955e+02 -3.404990000000000094e+01 5.099999999999999645e+00
1.529369000000000085e+02 5.800849999999999795e+01 5.000000000000000000e+00
1.049643999999999977e+02 -6.038899999999999935e+00 5.000000000000000000e+00
1.299558000000000106e+02 -7.056600000000000428e+00 5.000000000000000000e+00
1.532249999999999943e+02 4.478170000000000073e+01 5.000000000000000000e+00
-8.792709999999999582e+01 1.197749999999999915e+01 5.000000000000000000e+00
1.429883000000000095e+02 2.163060000000000116e+01 5.000000000000000000e+00
-2.563210000000000122e+01 -5.953790000000000049e+01 5.000000000000000000e+00
-2.607819999999999894e+01 -6.068189999999999884e+01 5.000000000000000000e+00
1.302238000000000113e+02 -6.665000000000000036e+00 5.000000000000000000e+00
9.316110000000000468e+01 1.024370000000000047e+01 5.000000000000000000e+00
-2.529990000000000094e+01 -5.768050000000000210e+01 5.000000000000000000e+00
-1.799483999999999924e+02 -2.574360000000000070e+01 5.000000000000000000e+00
1.285158999999999878e+02 2.428900000000000059e+00 5.000000000000000000e+00
-9.458299999999999841e+01 1.560839999999999961e+01 5.000000000000000000e+00
-9.478749999999999432e+01 1.579879999999999995e+01 5.000000000000000000e+00
-9.440619999999999834e+01 1.540599999999999881e+01 5.000000000000000000e+00
-9.411759999999999593e+01 1.534779999999999944e+01 5.000000000000000000e+00
-9.490479999999999450e+01 1.568970000000000020e+01 5.000000000000000000e+00
-9.474710000000000321e+01 1.587609999999999921e+01 5.000000000000000000e+00
-1.114154999999999944e+02 4.256289999999999907e+01 5.000000000000000000e+00
-9.436650000000000205e+01 1.536330000000000062e+01 5.000000000000000000e+00
2.157959999999999923e+01 3.920530000000000115e+01 5.000000000000000000e+00
-9.444799999999999329e+01 1.520819999999999972e+01 5.000000000000000000e+00
1.619266000000000076e+02 -1.076469999999999949e+01 5.000000000000000000e+00
-9.499039999999999395e+01 1.570919999999999916e+01 5.000000000000000000e+00
9.948560000000000514e+01 1.591499999999999915e+00 5.000000000000000000e+00
2.881319999999999837e+01 -2.731399999999999828e+00 5.000000000000000000e+00
-1.778814999999999884e+02 -3.041270000000000095e+01 5.000000000000000000e+00
5.740489999999999782e+01 3.073580000000000112e+01 5.000000000000000000e+00
1.743572000000000060e+02 -4.150930000000000319e+01 5.000000000000000000e+00
1.325848000000000013e+02 1.085399999999999920e+00 5.000000000000000000e+00
-1.141206999999999994e+02 -1.793459999999999965e+01 5.000000000000000000e+00
-1.753417000000000030e+02 -1.833480000000000132e+01 5.000000000000000000e+00
-6.890959999999999752e+01 -3.075349999999999895e+01 5.000000000000000000e+00
1.617807999999999993e+02 -1.065980000000000061e+01 5.000000000000000000e+00
1.020862999999999943e+02 -3.395900000000000141e+00 5.000000000000000000e+00
-2.574070000000000036e+01 -5.902890000000000015e+01 5.000000000000000000e+00
1.540022999999999911e+02 -5.393900000000000361e+00 5.000000000000000000e+00
-6.655049999999999955e+01 -2.133780000000000143e+01 5.000000000000000000e+00
-4.353880000000000194e+01 2.872340000000000160e+01 5.000000000000000000e+00
-9.410209999999999297e+01 1.488940000000000019e+01 5.000000000000000000e+00
6.794370000000000687e+01 3.987279999999999802e+01 5.000000000000000000e+00
1.438293999999999926e+02 2.139110000000000156e+01 5.000000000000000000e+00
1.787892999999999972e+02 -3.714600000000000080e+01 5.000000000000000000e+00
-3.399880000000000280e+01 5.690409999999999968e+01 4.900000000000000355e+00
-3.403549999999999898e+01 5.693800000000000239e+01 4.900000000000000355e+00
2.802489999999999881e+01 3.599280000000000257e+01 4.900000000000000355e+00
9.311419999999999675e+01 9.281399999999999650e+00 4.900000000000000355e+00
1.454831000000000074e+02 4.164220000000000255e+01 4.900000000000000355e+00
-7.297690000000000055e+01 6.725200000000000067e+00 4.900000000000000355e+00
-1.222697000000000003e+02 -5.596280000000000143e+01 4.900000000000000355e+00
-2.597690000000000055e+01 -5.586540000000000106e+01 4.900000000000000355e+00
9.326739999999999498e+01 7.851899999999999658e+00 4.900000000000000355e+00
1.797887000000000057e+02 -2.478519999999999968e+01 4.900000000000000355e+00
-9.394450000000000500e+01 1.513160000000000061e+01 4.900000000000000355e+00
1.404518999999999949e+02 3.953549999999999898e+01 4.900000000000000355e+00
-1.725560999999999865e+02 -1.526350000000000051e+01 4.900000000000000355e+00
-9.441639999999999588e+01 1.533249999999999957e+01 4.900000000000000355e+00
-9.466459999999999297e+01 1.564200000000000124e+01 4.900000000000000355e+00
-9.417299999999998761e+01 1.546809999999999974e+01 4.900000000000000355e+00
-9.430939999999999657e+01 1.592619999999999969e+01 4.900000000000000355e+00
-2.570429999999999993e+01 -5.982110000000000127e+01 4.900000000000000355e+00
-9.394219999999999970e+01 1.530589999999999939e+01 4.900000000000000355e+00
-9.444889999999999475e+01 1.573380000000000045e+01 4.900000000000000355e+00
-9.440749999999999886e+01 1.615729999999999933e+01 4.900000000000000355e+00
-9.459260000000000446e+01 1.586570000000000036e+01 4.900000000000000355e+00
1.466784000000000106e+02 1.411090000000000089e+01 4.900000000000000355e+00
-9.399379999999999313e+01 1.539320000000000022e+01 4.900000000000000355e+00
-9.463559999999999661e+01 1.594730000000000025e+01 4.900000000000000355e+00
7.087009999999999366e+01 -2.609459999999999980e+01 4.900000000000000355e+00
-3.242079999999999984e+01 5.816499999999999915e+01 4.900000000000000355e+00
-3.246209999999999951e+01 5.809749999999999659e+01 4.900000000000000355e+00
1.429781000000000120e+02 6.762100000000000932e+01 4.900000000000000355e+00
-9.403040000000000020e+01 1.492689999999999984e+01 4.900000000000000355e+00
-1.792793000000000063e+02 -1.704560000000000031e+01 4.900000000000000355e+00
1.615070000000000050e+02 -1.018459999999999965e+01 4.900000000000000355e+00
-9.498050000000000637e+01 1.604090000000000060e+01 4.900000000000000355e+00
1.412485000000000070e+02 3.734150000000000347e+01 4.900000000000000355e+00
-1.749500999999999920e+02 -1.898290000000000077e+01 4.900000000000000355e+00
1.495672000000000139e+02 -4.637900000000000134e+00 4.900000000000000355e+00
-9.502930000000000632e+01 1.616390000000000171e+01 4.900000000000000355e+00
-1.739091999999999985e+02 -1.734710000000000107e+01 4.900000000000000355e+00
-9.464270000000000493e+01 1.531339999999999968e+01 4.900000000000000355e+00
1.625305999999999926e+02 -1.104330000000000034e+01 4.900000000000000355e+00
-9.455859999999999843e+01 1.568849999999999945e+01 4.900000000000000355e+00
-9.451120000000000232e+01 1.532179999999999964e+01 4.900000000000000355e+00
-9.090689999999999316e+01 1.452960000000000029e+01 4.900000000000000355e+00
1.410335000000000036e+02 3.057280000000000086e+01 4.900000000000000355e+00
1.596233000000000004e+02 -7.753300000000000303e+00 4.900000000000000355e+00
-9.488309999999999889e+01 1.669050000000000011e+01 4.900000000000000355e+00
1.248199000000000041e+02 7.594599999999999795e+00 4.900000000000000355e+00
1.248199999999999932e+02 7.543800000000000061e+00 4.900000000000000355e+00
2.728709999999999880e+01 3.691199999999999903e+01 4.900000000000000355e+00
1.399740999999999929e+02 -3.589799999999999880e+00 4.900000000000000355e+00
1.243277999999999963e+02 8.136999999999999789e-01 4.900000000000000355e+00
1.013355999999999995e+02 -5.737800000000000011e+00 4.900000000000000355e+00
1.789119000000000028e+02 -2.454779999999999873e+01 4.900000000000000355e+00
1.518102000000000089e+02 -5.247099999999999653e+00 4.900000000000000355e+00
1.200400999999999954e+02 6.016399999999999970e+00 4.900000000000000355e+00
-8.413809999999999434e+01 3.221999999999999975e+00 4.900000000000000355e+00
1.447488999999999919e+02 1.905199999999999960e+01 4.900000000000000355e+00
-1.701716999999999871e+02 5.234210000000000207e+01 4.900000000000000355e+00
-9.408780000000000143e+01 1.520079999999999920e+01 4.900000000000000355e+00
-9.097669999999999391e+01 1.053299999999999903e+00 4.900000000000000355e+00
-1.115027000000000044e+02 -1.356269999999999953e+01 4.799999999999999822e+00
8.264879999999999427e+01 3.206620000000000203e+01 4.799999999999999822e+00
1.127921999999999940e+02 -1.150350000000000072e+01 4.799999999999999822e+00
-3.391649999999999920e+01 5.714450000000000074e+01 4.799999999999999822e+00
1.466680000000000064e+02 1.408419999999999916e+01 4.799999999999999822e+00
1.435414000000000101e+02 3.714979999999999905e+01 4.799999999999999822e+00
5.164229999999999876e+01 2.906390000000000029e+01 4.799999999999999822e+00
1.694270999999999958e+02 5.420020000000000238e+01 4.799999999999999822e+00
-2.611769999999999925e+01 -5.584499999999999886e+01 4.799999999999999822e+00
-9.387890000000000157e+01 1.545650000000000013e+01 4.799999999999999822e+00
-9.457880000000000109e+01 1.605809999999999960e+01 4.799999999999999822e+00
-9.483400000000000318e+01 1.526590000000000025e+01 4.799999999999999822e+00
-9.438379999999999370e+01 1.515760000000000041e+01 4.799999999999999822e+00
-9.439050000000000296e+01 1.543180000000000085e+01 4.799999999999999822e+00
-9.388649999999999807e+01 1.533019999999999960e+01 4.799999999999999822e+00
-9.401590000000000202e+01 1.521570000000000000e+01 4.799999999999999822e+00
-9.411799999999999500e+01 1.525549999999999962e+01 4.799999999999999822e+00
-9.458220000000000027e+01 1.508660000000000068e+01 4.799999999999999822e+00
1.691894000000000062e+02 5.424669999999999703e+01 4.799999999999999822e+00
1.259192000000000036e+02 1.095609999999999928e+01 4.799999999999999822e+00
-9.427439999999999998e+01 1.508530000000000015e+01 4.799999999999999822e+00
-1.741899999999999977e+02 -1.507990000000000030e+01 4.799999999999999822e+00
-3.235430000000000206e+01 5.802409999999999712e+01 4.799999999999999822e+00
9.486599999999999966e+01 1.883040000000000092e+01 4.799999999999999822e+00
-1.310210000000000008e+01 -7.043999999999999595e+00 4.799999999999999822e+00
1.780167999999999893e+02 5.202750000000000341e+01 4.799999999999999822e+00
1.489933000000000050e+02 4.430399999999999494e+01 4.799999999999999822e+00
1.188494000000000028e+02 -1.014039999999999964e+01 4.799999999999999822e+00
-7.368300000000000693e+01 -3.791040000000000276e+01 4.799999999999999822e+00
-9.329030000000000200e+01 1.578049999999999997e+01 4.799999999999999822e+00
-9.389619999999999322e+01 1.525360000000000049e+01 4.799999999999999822e+00
-9.491230000000000189e+01 1.673079999999999856e+01 4.799999999999999822e+00
-7.414490000000000691e+01 -3.741080000000000183e+01 4.799999999999999822e+00
-1.164939999999999998e+01 -2.011299999999999866e+00 4.799999999999999822e+00
1.450833000000000084e+02 1.411609999999999943e+01 4.799999999999999822e+00
1.405528999999999940e+02 2.876900000000000190e+01 4.799999999999999822e+00
1.414053999999999860e+02 3.746490000000000009e+01 4.799999999999999822e+00
-9.470869999999999322e+01 1.625979999999999848e+01 4.799999999999999822e+00
-3.432070000000000221e+01 5.687789999999999679e+01 4.700000000000000178e+00
-3.388409999999999656e+01 5.684570000000000078e+01 4.700000000000000178e+00
-8.478310000000000457e+01 9.616799999999999571e+00 4.700000000000000178e+00
-9.165179999999999438e+01 -8.294000000000000261e-01 4.700000000000000178e+00
-8.673980000000000246e+01 1.199479999999999968e+01 4.700000000000000178e+00
-1.114204000000000008e+02 4.261220000000000141e+01 4.700000000000000178e+00
1.263369000000000000e+02 -5.623199999999999754e+00 4.700000000000000178e+00
2.506759999999999877e+01 3.425970000000000226e+01 4.700000000000000178e+00
-8.539849999999999852e+01 -4.143090000000000117e+01 4.700000000000000178e+00
1.266008999999999958e+02 9.952500000000000568e+00 4.700000000000000178e+00
-2.617099999999999937e+01 -5.584680000000000177e+01 4.700000000000000178e+00
5.910009999999999764e+01 3.267459999999999809e+01 4.700000000000000178e+00
1.676623999999999910e+02 -1.558360000000000056e+01 4.700000000000000178e+00
-8.820839999999999748e+01 1.269379999999999953e+01 4.700000000000000178e+00
-1.690592000000000041e+02 5.216190000000000282e+01 4.700000000000000178e+00
3.845499999999999918e+00 7.263089999999999691e+01 4.700000000000000178e+00
1.259223000000000070e+02 5.435800000000000409e+00 4.700000000000000178e+00
-9.425100000000000477e+01 1.526040000000000063e+01 4.700000000000000178e+00
-9.395260000000000389e+01 1.534799999999999898e+01 4.700000000000000178e+00
-9.388219999999999743e+01 1.576030000000000086e+01 4.700000000000000178e+00
-9.385840000000000316e+01 1.515959999999999930e+01 4.700000000000000178e+00
-9.425029999999999575e+01 1.499409999999999954e+01 4.700000000000000178e+00
-9.458540000000000703e+01 1.557349999999999923e+01 4.700000000000000178e+00
-9.391209999999999525e+01 1.514589999999999925e+01 4.700000000000000178e+00
1.467565999999999917e+02 1.381930000000000014e+01 4.700000000000000178e+00
-2.527240000000000109e+01 -5.927570000000000050e+01 4.700000000000000178e+00
-6.702290000000000703e+01 -2.416179999999999950e+01 4.700000000000000178e+00
-9.397639999999999816e+01 1.539209999999999923e+01 4.700000000000000178e+00
-9.459839999999999804e+01 1.563739999999999952e+01 4.700000000000000178e+00
-1.775780000000000030e+02 -2.777580000000000027e+01 4.700000000000000178e+00
-1.725818999999999903e+02 -1.675179999999999936e+01 4.700000000000000178e+00
1.477420000000000186e+02 4.440059999999999718e+01 4.700000000000000178e+00
-1.114701000000000022e+02 4.260739999999999839e+01 4.700000000000000178e+00
-9.481380000000000052e+01 1.571770000000000067e+01 4.700000000000000178e+00
-1.114612000000000052e+02 4.256479999999999819e+01 4.700000000000000178e+00
-1.733100000000000023e+02 -2.006749999999999901e+01 4.700000000000000178e+00
1.017514000000000038e+02 2.796180000000000021e+01 4.700000000000000178e+00
1.676346000000000060e+02 -1.408730000000000082e+01 4.700000000000000178e+00
-3.224549999999999983e+01 5.803370000000000317e+01 4.700000000000000178e+00
-7.309459999999999980e+01 9.571099999999999497e+00 4.700000000000000178e+00
1.476079000000000008e+02 1.345059999999999967e+01 4.700000000000000178e+00
-9.400860000000000127e+01 1.515659999999999918e+01 4.700000000000000178e+00
-9.297399999999998954e+01 1.448179999999999978e+01 4.700000000000000178e+00
1.481170999999999935e+02 -1.393799999999999928e+00 4.700000000000000178e+00
-1.727418000000000120e+02 -1.533479999999999954e+01 4.700000000000000178e+00
1.404947999999999979e+02 -5.195100000000000051e+01 4.700000000000000178e+00
1.427408000000000072e+02 2.487800000000000011e+01 4.700000000000000178e+00
-1.401140000000000008e+01 -1.775540000000000163e+01 4.700000000000000178e+00
-2.642879999999999896e+01 -5.978960000000000008e+01 4.700000000000000178e+00
1.270437000000000012e+02 3.625199999999999978e+00 4.700000000000000178e+00
-9.458580000000000609e+01 1.518329999999999913e+01 4.700000000000000178e+00
1.794495000000000005e+02 -3.632789999999999964e+01 4.700000000000000178e+00
-9.341910000000000025e+01 1.527229999999999954e+01 4.700000000000000178e+00
1.670091999999999928e+02 -1.493849999999999945e+01 4.700000000000000178e+00
1.480020000000000095e+02 -5.139599999999999724e+00 4.700000000000000178e+00
-1.114830000000000076e+01 -6.348900000000000432e+00 4.700000000000000178e+00
1.297583999999999946e+02 -3.086300000000000043e+00 4.700000000000000178e+00
1.520271999999999935e+02 4.437310000000000088e+01 4.700000000000000178e+00
-9.436509999999999820e+01 1.567670000000000030e+01 4.700000000000000178e+00
1.294008000000000038e+02 -4.841700000000000337e+00 4.700000000000000178e+00
1.786656999999999869e+02 -3.838870000000000005e+01 4.700000000000000178e+00
1.266286999999999949e+02 4.605299999999999727e+00 4.700000000000000178e+00
-6.843319999999999936e+01 -2.140900000000000247e+01 4.700000000000000178e+00
1.405824000000000069e+02 2.874759999999999849e+01 4.700000000000000178e+00
1.171705999999999932e+02 -1.072910000000000075e+01 4.700000000000000178e+00
1.292381000000000029e+02 -7.281399999999999650e+00 4.700000000000000178e+00
1.333331000000000017e+02 2.905299999999999994e+00 4.700000000000000178e+00
1.437467000000000041e+02 2.136179999999999879e+01 4.700000000000000178e+00
-9.379859999999999332e+01 1.468730000000000047e+01 4.700000000000000178e+00
-9.425079999999999814e+01 1.481889999999999930e+01 4.700000000000000178e+00
1.206959999999999980e+02 1.369960000000000022e+01 4.700000000000000178e+00
1.438145000000000095e+02 2.165640000000000143e+01 4.700000000000000178e+00
1.399750999999999976e+02 2.765300000000000225e+01 4.700000000000000178e+00
-7.079210000000000491e+01 -1.555400000000000027e+01 4.599999999999999645e+00
1.060179999999999865e+02 3.638289999999999935e+01 4.599999999999999645e+00
8.343859999999999388e+01 3.401400000000000290e+01 4.599999999999999645e+00
1.687512999999999863e+02 5.408729999999999905e+01 4.599999999999999645e+00
1.268311000000000064e+02 3.738900000000000112e+00 4.599999999999999645e+00
-1.799952999999999861e+02 -2.476269999999999882e+01 4.599999999999999645e+00
-2.598250000000000171e+01 -5.585119999999999862e+01 4.599999999999999645e+00
6.998909999999999343e+01 2.950209999999999866e+01 4.599999999999999645e+00
-9.388249999999999318e+01 1.520090000000000074e+01 4.599999999999999645e+00
-9.412019999999999698e+01 1.534009999999999962e+01 4.599999999999999645e+00
-9.451470000000000482e+01 1.547990000000000066e+01 4.599999999999999645e+00
-9.406090000000000373e+01 1.578129999999999988e+01 4.599999999999999645e+00
-9.420839999999999748e+01 1.551360000000000028e+01 4.599999999999999645e+00
-9.443869999999999720e+01 1.539460000000000051e+01 4.599999999999999645e+00
-9.393789999999999907e+01 1.547889999999999944e+01 4.599999999999999645e+00
-9.449079999999999302e+01 1.506630000000000003e+01 4.599999999999999645e+00
1.308040000000000020e+02 -6.042600000000000193e+00 4.599999999999999645e+00
-9.449760000000000559e+01 1.574729999999999919e+01 4.599999999999999645e+00
-9.413809999999999434e+01 1.528819999999999979e+01 4.599999999999999645e+00
-9.458969999999999345e+01 1.573540000000000028e+01 4.599999999999999645e+00
-9.396359999999999957e+01 1.532510000000000083e+01 4.599999999999999645e+00
-9.855679999999999552e+01 1.560890000000000022e+01 4.599999999999999645e+00
-9.428860000000000241e+01 1.539569999999999972e+01 4.599999999999999645e+00
1.391945000000000050e+02 3.573769999999999669e+01 4.599999999999999645e+00
1.328389999999999915e+01 4.216890000000000072e+01 4.599999999999999645e+00
1.435450999999999908e+02 1.298359999999999914e+01 4.599999999999999645e+00
-9.387160000000000082e+01 1.508859999999999957e+01 4.599999999999999645e+00
-5.840809999999999746e+01 1.390470000000000006e+01 4.599999999999999645e+00
-9.406430000000000291e+01 1.522119999999999962e+01 4.599999999999999645e+00
-3.242589999999999861e+01 5.807529999999999859e+01 4.599999999999999645e+00
1.129501000000000062e+02 -6.098600000000000243e+00 4.599999999999999645e+00
1.396151999999999873e+02 3.577190000000000225e+01 4.599999999999999645e+00
-7.644809999999999661e+01 -1.197700000000000031e+01 4.599999999999999645e+00
-8.246760000000000446e+01 -4.248619999999999663e+01 4.599999999999999645e+00
-6.057030000000000314e+01 1.497519999999999918e+01 4.599999999999999645e+00
1.605270000000000152e+02 5.386180000000000234e+01 4.599999999999999645e+00
1.475618000000000052e+02 -5.907700000000000173e+00 4.599999999999999645e+00
-3.096689999999999898e+01 2.831900000000000084e+00 4.599999999999999645e+00
6.962590000000000146e+01 -2.397879999999999967e+01 4.599999999999999645e+00
-1.705871999999999957e+02 5.204860000000000042e+01 4.599999999999999645e+00
-7.794910000000000139e+01 -1.466399999999999926e+00 4.599999999999999645e+00
-7.419180000000000064e+01 -3.721670000000000300e+01 4.599999999999999645e+00
-8.216960000000000264e+01 7.505700000000000038e+00 4.599999999999999645e+00
-1.350590000000000046e+01 -7.034200000000000230e+00 4.599999999999999645e+00
1.679612999999999943e+02 5.481750000000000256e+01 4.599999999999999645e+00
1.281443999999999903e+02 -7.503300000000000303e+00 4.599999999999999645e+00
-7.419129999999999825e+01 -3.722809999999999775e+01 4.599999999999999645e+00
-9.483740000000000236e+01 1.621790000000000020e+01 4.599999999999999645e+00
1.238961999999999932e+02 6.334600000000000009e+00 4.599999999999999645e+00
-9.487189999999999657e+01 1.614440000000000097e+01 4.599999999999999645e+00
1.492094999999999914e+02 4.388150000000000261e+01 4.599999999999999645e+00
7.459439999999999316e+01 3.421309999999999718e+01 4.599999999999999645e+00
1.549573000000000036e+02 -5.852100000000000080e+00 4.599999999999999645e+00
1.421922999999999888e+02 3.118230000000000146e+01 4.599999999999999645e+00
-7.161599999999999966e+01 -3.374210000000000065e+01 4.599999999999999645e+00
-7.128010000000000446e+01 -2.788340000000000174e+01 4.599999999999999645e+00
1.223101999999999947e+02 2.392170000000000130e+01 4.599999999999999645e+00
-7.554659999999999798e+01 -1.430429999999999957e+01 4.599999999999999645e+00
1.303867999999999938e+02 3.124709999999999965e+01 4.599999999999999645e+00
1.069645000000000010e+02 -8.375500000000000611e+00 4.599999999999999645e+00
-7.127509999999999479e+01 -2.827830000000000155e+01 4.599999999999999645e+00
1.670258000000000038e+02 -1.262240000000000073e+01 4.599999999999999645e+00
1.674690999999999974e+02 -1.485309999999999953e+01 4.599999999999999645e+00
-9.396020000000000039e+01 1.506209999999999916e+01 4.599999999999999645e+00
1.681159000000000106e+02 -1.710480000000000089e+01 4.599999999999999645e+00
5.418710000000000093e+01 2.810910000000000153e+01 4.599999999999999645e+00
1.275691000000000059e+02 2.148299999999999876e+00 4.599999999999999645e+00
3.065650000000000119e+01 3.695130000000000337e+01 4.599999999999999645e+00
1.492678999999999974e+02 -6.420300000000000118e+00 4.500000000000000000e+00
1.402349000000000103e+02 1.064269999999999960e+01 4.500000000000000000e+00
-7.537839999999999918e+01 -1.112809999999999988e+01 4.500000000000000000e+00
-7.432590000000000430e+01 -8.594300000000000495e+00 4.500000000000000000e+00
1.482189999999999941e+02 -1.682199999999999918e+00 4.500000000000000000e+00
9.979819999999999425e+01 -4.739370000000000260e+01 4.500000000000000000e+00
1.614800999999999931e+02 -1.025880000000000081e+01 4.500000000000000000e+00
1.691339000000000112e+02 -1.911240000000000094e+01 4.500000000000000000e+00
1.668463999999999885e+02 -1.418440000000000012e+01 4.500000000000000000e+00
-1.114444000000000017e+02 4.264170000000000016e+01 4.500000000000000000e+00
-1.781787999999999954e+02 -2.054100000000000037e+01 4.500000000000000000e+00
1.629207000000000107e+02 5.487669999999999959e+01 4.500000000000000000e+00
-1.786192000000000064e+02 -2.083210000000000051e+01 4.500000000000000000e+00
1.278425000000000011e+02 2.652749999999999986e+01 4.500000000000000000e+00
-8.285460000000000491e+01 8.359199999999999520e+00 4.500000000000000000e+00
1.517211000000000070e+02 -5.752399999999999736e+00 4.500000000000000000e+00
-1.115233999999999952e+02 4.261180000000000234e+01 4.500000000000000000e+00
-6.746460000000000434e+01 -2.441300000000000026e+01 4.500000000000000000e+00
-9.456839999999999691e+01 1.565879999999999939e+01 4.500000000000000000e+00
-9.390200000000000102e+01 1.527979999999999983e+01 4.500000000000000000e+00
-9.453289999999999793e+01 1.560900000000000176e+01 4.500000000000000000e+00
-9.448250000000000171e+01 1.510890000000000022e+01 4.500000000000000000e+00
-9.475200000000000955e+01 1.566869999999999941e+01 4.500000000000000000e+00
-9.425969999999999516e+01 1.531550000000000011e+01 4.500000000000000000e+00
-9.437749999999999773e+01 1.533179999999999943e+01 4.500000000000000000e+00
-9.407070000000000221e+01 1.522090000000000032e+01 4.500000000000000000e+00
-6.727479999999999905e+01 -2.423219999999999885e+01 4.500000000000000000e+00
1.191423000000000059e+02 -8.606799999999999784e+00 4.500000000000000000e+00
-9.432600000000000762e+01 1.542440000000000033e+01 4.500000000000000000e+00
1.300827999999999918e+02 -6.977599999999999802e+00 4.500000000000000000e+00
1.455760999999999967e+02 1.875329999999999941e+01 4.500000000000000000e+00
1.268292000000000002e+02 3.650399999999999867e+00 4.500000000000000000e+00
-9.428910000000000480e+01 1.559689999999999976e+01 4.500000000000000000e+00
-9.447530000000000427e+01 1.516039999999999921e+01 4.500000000000000000e+00
1.799122999999999877e+02 -2.501330000000000098e+01 4.500000000000000000e+00
-9.849150000000000205e+01 1.585490000000000066e+01 4.500000000000000000e+00
-9.427840000000000487e+01 1.543019999999999925e+01 4.500000000000000000e+00
-9.425950000000000273e+01 1.507680000000000042e+01 4.500000000000000000e+00
-7.413460000000000605e+01 -3.752340000000000231e+01 4.500000000000000000e+00
-9.404179999999999495e+01 1.484599999999999831e+01 4.500000000000000000e+00
-1.570626000000000033e+02 5.520179999999999865e+01 4.500000000000000000e+00
1.759236999999999966e+02 -4.067779999999999774e+01 4.500000000000000000e+00
1.292566999999999950e+02 -7.535700000000000287e+00 4.500000000000000000e+00
-9.314069999999999538e+01 1.523789999999999978e+01 4.500000000000000000e+00
-9.345299999999998875e+01 1.539140000000000086e+01 4.500000000000000000e+00
-1.790840000000000032e+02 -2.213269999999999982e+01 4.500000000000000000e+00
-9.367749999999999488e+01 1.586839999999999939e+01 4.500000000000000000e+00
-9.426229999999999620e+01 1.519599999999999973e+01 4.500000000000000000e+00
1.471220000000000141e+02 -6.022800000000000153e+00 4.500000000000000000e+00
1.697199999999999989e+02 5.401219999999999999e+01 4.500000000000000000e+00
-9.422969999999999402e+01 1.494139999999999979e+01 4.500000000000000000e+00
-9.506820000000000448e+01 1.611149999999999949e+01 4.500000000000000000e+00
1.394211999999999989e+02 3.585900000000000176e+01 4.500000000000000000e+00
-9.418219999999999459e+01 1.547610000000000063e+01 4.500000000000000000e+00
-9.501210000000000377e+01 1.610579999999999856e+01 4.500000000000000000e+00
9.206279999999999575e+01 1.277730000000000032e+01 4.500000000000000000e+00
2.400450000000000017e+01 3.928209999999999980e+01 4.500000000000000000e+00
1.594816999999999894e+02 5.331450000000000244e+01 4.500000000000000000e+00
7.714780000000000371e+01 4.097690000000000055e+01 4.500000000000000000e+00
-7.240840000000000032e+01 -3.181090000000000018e+01 4.500000000000000000e+00
-7.261610000000000298e+01 -3.175479999999999947e+01 4.500000000000000000e+00
1.415341999999999985e+02 -3.901100000000000012e+00 4.500000000000000000e+00
-1.779506000000000085e+02 -1.831909999999999883e+01 4.500000000000000000e+00
1.507162999999999897e+02 -5.399600000000000399e+00 4.500000000000000000e+00
5.739569999999999794e+01 3.068900000000000006e+01 4.500000000000000000e+00
-6.935899999999999466e+01 -2.459300000000000352e+01 4.500000000000000000e+00
1.594959000000000060e+02 5.478800000000000381e+01 4.500000000000000000e+00
1.279846000000000004e+02 3.829299999999999926e+00 4.500000000000000000e+00
-1.774165999999999883e+02 -1.915249999999999986e+01 4.500000000000000000e+00
1.632942999999999927e+02 5.492260000000000275e+01 4.500000000000000000e+00
-7.471750000000000114e+01 9.748599999999999710e+00 4.500000000000000000e+00
-1.798683000000000050e+02 -2.428910000000000124e+01 4.500000000000000000e+00
-7.777460000000000662e+01 9.138500000000000512e+00 4.500000000000000000e+00
-6.920999999999999375e+01 -2.877199999999999847e+01 4.500000000000000000e+00
-1.384441999999999950e+02 -1.194200000000000017e+01 4.500000000000000000e+00
-9.498730000000000473e+01 1.665930000000000177e+01 4.500000000000000000e+00
-9.483990000000000009e+01 1.673239999999999839e+01 4.500000000000000000e+00
-9.417929999999999779e+01 1.552149999999999963e+01 4.500000000000000000e+00
-1.784793999999999983e+02 -1.804439999999999955e+01 4.500000000000000000e+00
-7.160949999999999704e+01 -1.516140000000000043e+01 4.500000000000000000e+00
1.234715999999999951e+02 2.499800000000000111e+01 4.500000000000000000e+00
-1.699759999999999991e+02 5.204979999999999762e+01 4.500000000000000000e+00
-1.795233000000000061e+02 -2.408119999999999905e+01 4.500000000000000000e+00
-9.401170000000000471e+01 1.513119999999999976e+01 4.500000000000000000e+00
1.367409000000000106e+02 -3.324300000000000033e+00 4.500000000000000000e+00
1.465825000000000102e+02 -6.071000000000000618e+00 4.500000000000000000e+00
-1.779970000000000141e+02 -2.044920000000000115e+01 4.400000000000000355e+00
1.680716999999999928e+02 -1.495270000000000010e+01 4.400000000000000355e+00
-1.776020000000000039e+02 -3.022650000000000148e+01 4.400000000000000355e+00
-1.783163999999999874e+02 -2.094239999999999924e+01 4.400000000000000355e+00
-1.779834999999999923e+02 -2.064649999999999963e+01 4.400000000000000355e+00
1.470910000000000082e+02 -5.400400000000000311e+00 4.400000000000000355e+00
7.108629999999999427e+01 3.654110000000000014e+01 4.400000000000000355e+00
-2.749579999999999913e+01 -5.615379999999999683e+01 4.400000000000000355e+00
-8.788330000000000553e+01 1.219270000000000032e+01 4.400000000000000355e+00
-1.529205000000000041e+02 5.573319999999999652e+01 4.400000000000000355e+00
-1.740296999999999912e+02 -1.836949999999999861e+01 4.400000000000000355e+00
-9.383089999999999975e+01 1.509529999999999994e+01 4.400000000000000355e+00
1.175961000000000070e+02 -4.954970000000000141e+01 4.400000000000000355e+00
1.610105000000000075e+02 -1.007629999999999981e+01 4.400000000000000355e+00
-9.381080000000000041e+01 1.501319999999999943e+01 4.400000000000000355e+00
-6.910569999999999879e+01 -2.085729999999999862e+01 4.400000000000000355e+00
-9.463120000000000687e+01 1.566699999999999982e+01 4.400000000000000355e+00
-9.433620000000000516e+01 1.573109999999999964e+01 4.400000000000000355e+00
-9.405519999999999925e+01 1.564150000000000063e+01 4.400000000000000355e+00
-9.447320000000000562e+01 1.604489999999999839e+01 4.400000000000000355e+00
-9.432909999999999684e+01 1.551190000000000069e+01 4.400000000000000355e+00
5.163730000000000331e+01 2.901960000000000051e+01 4.400000000000000355e+00
-9.401130000000000564e+01 1.548610000000000042e+01 4.400000000000000355e+00
8.268149999999999977e+01 4.431600000000000250e+01 4.400000000000000355e+00
-9.458740000000000236e+01 1.564390000000000036e+01 4.400000000000000355e+00
-9.415529999999999688e+01 1.541990000000000016e+01 4.400000000000000355e+00
-9.410269999999999868e+01 1.546219999999999928e+01 4.400000000000000355e+00
1.557383000000000095e+02 4.947849999999999682e+01 4.400000000000000355e+00
-9.442180000000000462e+01 1.578700000000000081e+01 4.400000000000000355e+00
-1.571285000000000025e+02 5.524519999999999698e+01 4.400000000000000355e+00
-7.366079999999999472e+01 -3.613620000000000232e+01 4.400000000000000355e+00
-9.441490000000000293e+01 1.539819999999999922e+01 4.400000000000000355e+00
1.206016000000000048e+02 1.291440000000000055e+01 4.400000000000000355e+00
-8.786039999999999850e+01 1.249050000000000082e+01 4.400000000000000355e+00
8.249689999999999657e+01 4.191570000000000107e+01 4.400000000000000355e+00
-9.349009999999999820e+01 1.409239999999999959e+01 4.400000000000000355e+00
-9.398059999999999548e+01 1.530039999999999978e+01 4.400000000000000355e+00
-9.390540000000000020e+01 1.501249999999999929e+01 4.400000000000000355e+00
9.380029999999999291e+01 1.116130000000000067e+01 4.400000000000000355e+00
1.522966000000000122e+02 -4.944399999999999906e+00 4.400000000000000355e+00
-9.432510000000000616e+01 1.546990000000000087e+01 4.400000000000000355e+00
-9.436570000000000391e+01 1.545519999999999960e+01 4.400000000000000355e+00
-9.473290000000000077e+01 1.579269999999999996e+01 4.400000000000000355e+00
-9.359959999999999525e+01 1.533339999999999925e+01 4.400000000000000355e+00
-9.497429999999999950e+01 1.636220000000000141e+01 4.400000000000000355e+00
-1.777715000000000032e+02 -2.192269999999999897e+01 4.400000000000000355e+00
-9.430979999999999563e+01 1.544170000000000087e+01 4.400000000000000355e+00
-9.452849999999999397e+01 1.563219999999999921e+01 4.400000000000000355e+00
-9.450520000000000209e+01 1.599210000000000065e+01 4.400000000000000355e+00
-7.267539999999999623e+01 -3.429729999999999990e+01 4.400000000000000355e+00
1.221650999999999954e+02 -1.292779999999999951e+01 4.400000000000000355e+00
1.417160000000000082e+02 2.447250000000000014e+01 4.400000000000000355e+00
-9.350879999999999370e+01 1.534720000000000084e+01 4.400000000000000355e+00
1.795766999999999882e+02 -2.191720000000000113e+01 4.400000000000000355e+00
1.426831999999999994e+02 1.267880000000000074e+01 4.400000000000000355e+00
-6.085399999999999920e+01 1.749249999999999972e+01 4.400000000000000355e+00
-9.047910000000000252e+01 1.360169999999999924e+01 4.400000000000000355e+00
-8.640779999999999461e+01 1.070180000000000042e+01 4.400000000000000355e+00
1.193563999999999936e+02 -8.134600000000000719e+00 4.400000000000000355e+00
-7.237420000000000186e+01 -3.171989999999999910e+01 4.400000000000000355e+00
-7.875639999999999930e+01 -2.172499999999999876e+00 4.400000000000000355e+00
7.093510000000000559e+01 3.663309999999999889e+01 4.400000000000000355e+00
1.354542999999999893e+02 3.391499999999999915e+01 4.400000000000000355e+00
-7.089549999999999841e+01 -1.998509999999999920e+01 4.400000000000000355e+00
9.489249999999999829e+01 2.499919999999999831e+01 4.400000000000000355e+00
1.519836999999999989e+02 4.559729999999999706e+01 4.400000000000000355e+00
1.272258000000000067e+02 -3.932999999999999829e-01 4.400000000000000355e+00
-1.784877999999999929e+02 -1.789549999999999841e+01 4.400000000000000355e+00
1.089321999999999946e+02 -8.239900000000000446e+00 4.400000000000000355e+00
1.448812000000000069e+02 2.018039999999999878e+01 4.400000000000000355e+00
-9.512690000000000623e+01 1.674340000000000117e+01 4.400000000000000355e+00
-9.471710000000000207e+01 1.681559999999999988e+01 4.400000000000000355e+00
7.112909999999999400e+01 3.647030000000000172e+01 4.400000000000000355e+00
1.251457000000000050e+02 7.073900000000000077e+00 4.400000000000000355e+00
-8.878770000000000095e+01 1.298489999999999966e+01 4.400000000000000355e+00
-9.796980000000000643e+01 1.652599999999999980e+01 4.400000000000000355e+00
-7.152439999999999998e+01 -3.002199999999999847e+01 4.400000000000000355e+00
-9.378010000000000446e+01 1.487640000000000029e+01 4.400000000000000355e+00
-9.417770000000000152e+01 1.554229999999999912e+01 4.400000000000000355e+00
-7.392419999999999902e+01 -1.086909999999999954e+01 4.400000000000000355e+00
-6.662609999999999388e+01 -2.372419999999999973e+01 4.400000000000000355e+00
-1.756402999999999963e+02 5.152279999999999660e+01 4.400000000000000355e+00
1.417803000000000111e+02 3.598210000000000264e+01 4.400000000000000355e+00
-9.392900000000000205e+01 1.498559999999999981e+01 4.400000000000000355e+00
-9.467399999999999238e+01 1.579310000000000080e+01 4.400000000000000355e+00
-7.165989999999999327e+01 -2.995710000000000051e+01 4.400000000000000355e+00
-9.409709999999999752e+01 1.537650000000000006e+01 4.400000000000000355e+00
-6.879099999999999682e+01 1.822230000000000061e+01 4.320000000000000284e+00
1.039960999999999984e+02 -6.639499999999999957e+00 4.299999999999999822e+00
-6.863240000000000407e+01 -2.223969999999999914e+01 4.299999999999999822e+00
1.280037000000000091e+02 -6.364999999999999547e-01 4.299999999999999822e+00
-1.794524000000000115e+02 -2.414659999999999940e+01 4.299999999999999822e+00
-1.763271000000000015e+02 -3.011540000000000106e+01 4.299999999999999822e+00
-7.204430000000000689e+01 1.897040000000000148e+01 4.299999999999999822e+00
-1.778271000000000015e+02 -1.973250000000000171e+01 4.299999999999999822e+00
1.283917999999999893e+02 2.615699999999999648e+01 4.299999999999999822e+00
-1.796571999999999889e+02 -2.242559999999999931e+01 4.299999999999999822e+00
-1.114244000000000057e+02 4.258820000000000050e+01 4.299999999999999822e+00
1.630641999999999996e+02 5.366579999999999728e+01 4.299999999999999822e+00
-1.690415999999999883e+02 5.247160000000000224e+01 4.299999999999999822e+00
-1.784643000000000086e+02 -1.789649999999999963e+01 4.299999999999999822e+00
-1.114735000000000014e+02 4.260309999999999775e+01 4.299999999999999822e+00
-1.274131000000000000e+02 4.364220000000000255e+01 4.299999999999999822e+00
1.070748999999999995e+02 -8.054600000000000648e+00 4.299999999999999822e+00
-1.114192000000000036e+02 4.257540000000000191e+01 4.299999999999999822e+00
-1.114299000000000035e+02 4.259590000000000032e+01 4.299999999999999822e+00
1.495212999999999965e+02 -5.759199999999999875e+00 4.299999999999999822e+00
-6.747299999999999898e+01 -2.222030000000000172e+01 4.299999999999999822e+00
1.207839000000000027e+02 1.370710000000000051e+01 4.299999999999999822e+00
1.250648000000000053e+02 2.589239999999999853e+01 4.299999999999999822e+00
-9.768299999999999272e+01 3.669959999999999667e+01 4.299999999999999822e+00
-9.403090000000000259e+01 1.540010000000000012e+01 4.299999999999999822e+00
-9.387799999999998590e+01 1.536599999999999966e+01 4.299999999999999822e+00
-9.423749999999999716e+01 1.552650000000000041e+01 4.299999999999999822e+00
-9.470310000000000628e+01 1.528700000000000081e+01 4.299999999999999822e+00
-9.385129999999999484e+01 1.534660000000000046e+01 4.299999999999999822e+00
-9.429970000000000141e+01 1.559149999999999991e+01 4.299999999999999822e+00
-9.481529999999999347e+01 1.484810000000000052e+01 4.299999999999999822e+00
-9.524769999999999470e+01 1.562720000000000020e+01 4.299999999999999822e+00
-9.419589999999999463e+01 1.528350000000000009e+01 4.299999999999999822e+00
-9.479799999999998761e+01 1.589320000000000022e+01 4.299999999999999822e+00
-9.427939999999999543e+01 1.557649999999999935e+01 4.299999999999999822e+00
-9.436169999999999902e+01 1.535940000000000083e+01 4.299999999999999822e+00
-9.254949999999999477e+01 1.524360000000000070e+01 4.299999999999999822e+00
-9.423690000000000566e+01 1.528889999999999993e+01 4.299999999999999822e+00
-9.379049999999999443e+01 1.575099999999999945e+01 4.299999999999999822e+00
-9.426690000000000680e+01 1.558859999999999957e+01 4.299999999999999822e+00
-8.243689999999999429e+01 7.794100000000000250e+00 4.299999999999999822e+00
-9.389000000000000057e+01 1.519430000000000014e+01 4.299999999999999822e+00
-9.456170000000000186e+01 1.530059999999999931e+01 4.299999999999999822e+00
1.409765999999999906e+02 4.451279999999999859e+01 4.299999999999999822e+00
-9.415070000000000050e+01 1.521589999999999954e+01 4.299999999999999822e+00
-9.444159999999999400e+01 1.549000000000000021e+01 4.299999999999999822e+00
-9.447719999999999629e+01 1.509520000000000017e+01 4.299999999999999822e+00
-9.715540000000000020e+01 1.404829999999999934e+01 4.299999999999999822e+00
-9.889249999999999829e+01 1.545519999999999960e+01 4.299999999999999822e+00
-9.034980000000000189e+01 1.306900000000000084e+01 4.299999999999999822e+00
-6.911399999999999011e+01 -2.360180000000000078e+01 4.299999999999999822e+00
1.220696999999999974e+02 2.474709999999999965e+01 4.299999999999999822e+00
-3.339220000000000255e+01 5.718769999999999953e+01 4.299999999999999822e+00
1.342896000000000072e+02 -4.245199999999999640e+00 4.299999999999999822e+00
-9.302349999999999852e+01 1.541520000000000046e+01 4.299999999999999822e+00
-9.397110000000000696e+01 1.538530000000000086e+01 4.299999999999999822e+00
-6.713989999999999725e+01 -2.424599999999999866e+01 4.299999999999999822e+00
-1.114287000000000063e+02 4.255440000000000111e+01 4.299999999999999822e+00
1.466436999999999955e+02 -2.818900000000000183e+00 4.299999999999999822e+00
-9.402630000000000621e+01 1.519969999999999999e+01 4.299999999999999822e+00
-9.317789999999999395e+01 1.518929999999999936e+01 4.299999999999999822e+00
-9.424869999999999948e+01 1.602690000000000126e+01 4.299999999999999822e+00
1.296170000000000186e+02 -5.193800000000000416e+00 4.299999999999999822e+00
-9.464170000000000016e+01 1.566769999999999996e+01 4.299999999999999822e+00
-9.442390000000000327e+01 1.571690000000000076e+01 4.299999999999999822e+00
1.796047000000000082e+02 -2.362549999999999883e+01 4.299999999999999822e+00
-9.468519999999999470e+01 1.580410000000000004e+01 4.299999999999999822e+00
1.521283999999999992e+02 -4.879999999999999893e+00 4.299999999999999822e+00
-9.440720000000000312e+01 1.565349999999999930e+01 4.299999999999999822e+00
-9.484390000000000498e+01 1.546230000000000082e+01 4.299999999999999822e+00
-9.440789999999999793e+01 1.569780000000000086e+01 4.299999999999999822e+00
-7.640300000000000580e+01 -1.191680000000000028e+01 4.299999999999999822e+00
1.370444999999999993e+02 3.450220000000000198e+01 4.299999999999999822e+00
-7.423569999999999425e+01 -3.720389999999999731e+01 4.299999999999999822e+00
-1.000309000000000026e+02 1.727850000000000108e+01 4.299999999999999822e+00
-8.970940000000000225e+01 1.325440000000000040e+01 4.299999999999999822e+00
-9.470950000000000557e+01 1.565750000000000064e+01 4.299999999999999822e+00
-1.057122999999999990e+02 1.773659999999999926e+01 4.299999999999999822e+00
-8.854229999999999734e+01 1.441169999999999973e+01 4.299999999999999822e+00
-7.162229999999999563e+01 -3.572919999999999874e+01 4.299999999999999822e+00
1.666170999999999935e+02 -1.174590000000000067e+01 4.299999999999999822e+00
-7.221859999999999502e+01 -3.184309999999999974e+01 4.299999999999999822e+00
-7.216519999999999868e+01 -3.180570000000000164e+01 4.299999999999999822e+00
1.992970000000000041e+01 4.010649999999999693e+01 4.299999999999999822e+00
-9.520659999999999457e+01 1.563320000000000043e+01 4.299999999999999822e+00
1.302315999999999860e+02 -6.589900000000000091e+00 4.299999999999999822e+00
1.299043000000000063e+02 -2.965800000000000214e+00 4.299999999999999822e+00
6.275189999999999912e+01 2.617980000000000018e+01 4.299999999999999822e+00
-7.186399999999999011e+01 -3.515650000000000119e+01 4.299999999999999822e+00
-8.681220000000000425e+01 1.196030000000000015e+01 4.299999999999999822e+00
-9.443129999999999313e+01 1.584810000000000052e+01 4.299999999999999822e+00
-6.636899999999999977e+01 -2.264760000000000062e+01 4.299999999999999822e+00
-9.457930000000000348e+01 1.567670000000000030e+01 4.299999999999999822e+00
-7.198999999999999488e+01 -3.268299999999999983e+01 4.299999999999999822e+00
-1.271586000000000070e+02 4.035869999999999891e+01 4.299999999999999822e+00
-9.463519999999999754e+01 1.659929999999999950e+01 4.299999999999999822e+00
-1.791801000000000101e+02 -2.127469999999999928e+01 4.299999999999999822e+00
1.304997999999999934e+02 -6.532600000000000406e+00 4.299999999999999822e+00
-7.296930000000000405e+01 6.751400000000000290e+00 4.299999999999999822e+00
1.479556000000000040e+02 -5.524799999999999933e+00 4.200000000000000178e+00
-1.114823999999999984e+02 4.263060000000000116e+01 4.200000000000000178e+00
-1.782877000000000010e+02 -2.821599999999999753e+01 4.200000000000000178e+00
1.791550000000000011e+02 -3.713089999999999691e+01 4.200000000000000178e+00
-1.777913000000000068e+02 -1.487190000000000012e+01 4.200000000000000178e+00
-1.793834999999999980e+02 -2.327100000000000080e+01 4.200000000000000178e+00
1.794884999999999877e+02 -3.542219999999999658e+01 4.200000000000000178e+00
1.453129000000000133e+02 1.887400000000000233e+01 4.200000000000000178e+00
-7.168640000000000612e+01 -1.514429999999999943e+01 4.200000000000000178e+00
1.389951000000000079e+02 -3.769299999999999873e+00 4.200000000000000178e+00
1.216396000000000015e+02 2.208599999999999852e+01 4.200000000000000178e+00
1.672314000000000078e+02 -1.461170000000000080e+01 4.200000000000000178e+00
4.788089999999999691e+01 4.119180000000000064e+01 4.200000000000000178e+00
-7.432750000000000057e+01 -4.303320000000000078e+01 4.200000000000000178e+00
-2.787650000000000006e+01 -5.615639999999999787e+01 4.200000000000000178e+00
1.200271000000000043e+02 -8.113699999999999690e+00 4.200000000000000178e+00
-7.400000000000000000e+01 -3.668840000000000146e+01 4.200000000000000178e+00
-9.519670000000000698e+01 1.507690000000000019e+01 4.200000000000000178e+00
-9.437470000000000425e+01 1.526409999999999911e+01 4.200000000000000178e+00
-9.428530000000000655e+01 1.548200000000000109e+01 4.200000000000000178e+00
-9.385200000000000387e+01 1.488199999999999967e+01 4.200000000000000178e+00
-9.498120000000000118e+01 1.514220000000000077e+01 4.200000000000000178e+00
-9.450560000000000116e+01 1.485950000000000060e+01 4.200000000000000178e+00
-9.448120000000000118e+01 1.569870000000000054e+01 4.200000000000000178e+00
-9.449320000000000164e+01 1.531189999999999962e+01 4.200000000000000178e+00
-9.443040000000000589e+01 1.581329999999999991e+01 4.200000000000000178e+00
7.495239999999999725e+01 3.880910000000000082e+01 4.200000000000000178e+00
-7.022620000000000573e+01 -1.534249999999999936e+01 4.200000000000000178e+00
-9.415560000000000684e+01 1.632169999999999987e+01 4.200000000000000178e+00
-9.463410000000000366e+01 1.676340000000000074e+01 4.200000000000000178e+00
-9.406950000000000500e+01 1.529390000000000072e+01 4.200000000000000178e+00
-1.731596000000000117e+02 6.761220000000000141e+01 4.200000000000000178e+00
1.799129000000000076e+02 -2.459309999999999974e+01 4.200000000000000178e+00
-9.387550000000000239e+01 1.506789999999999985e+01 4.200000000000000178e+00
1.419271999999999991e+02 3.788660000000000139e+01 4.200000000000000178e+00
9.595299999999998875e+01 1.731980000000000075e+01 4.200000000000000178e+00
-9.418959999999999866e+01 1.593249999999999922e+01 4.200000000000000178e+00
-9.460529999999999973e+01 1.577870000000000061e+01 4.200000000000000178e+00
-1.791594000000000051e+02 -2.580430000000000135e+01 4.200000000000000178e+00
1.472846999999999866e+02 4.924040000000000106e+01 4.200000000000000178e+00
-9.436490000000000578e+01 1.544900000000000162e+01 4.200000000000000178e+00
-9.458639999999999759e+01 1.538799999999999990e+01 4.200000000000000178e+00
-9.460339999999999350e+01 1.564860000000000007e+01 4.200000000000000178e+00
-9.480320000000000391e+01 1.619849999999999923e+01 4.200000000000000178e+00
-1.499213000000000022e+02 6.289829999999999899e+01 4.200000000000000178e+00
-6.941830000000000211e+01 -1.805799999999999983e+01 4.200000000000000178e+00
-9.398919999999999675e+01 1.518249999999999922e+01 4.200000000000000178e+00
9.195140000000000668e+01 1.289589999999999925e+01 4.200000000000000178e+00
1.515666999999999973e+02 -4.676899999999999835e+00 4.200000000000000178e+00
-9.416200000000000614e+01 1.511650000000000027e+01 4.200000000000000178e+00
1.288254000000000019e+02 -7.435500000000000220e+00 4.200000000000000178e+00
-6.667680000000000007e+01 -2.370749999999999957e+01 4.200000000000000178e+00
-6.733990000000000009e+01 -2.190579999999999927e+01 4.200000000000000178e+00
-6.947830000000000439e+01 -1.747429999999999950e+01 4.200000000000000178e+00
-9.399859999999999616e+01 1.553219999999999956e+01 4.200000000000000178e+00
-9.466620000000000346e+01 1.521250000000000036e+01 4.200000000000000178e+00
-1.488755999999999915e+02 6.278309999999999746e+01 4.200000000000000178e+00
2.625529999999999831e+01 3.913040000000000163e+01 4.200000000000000178e+00
-9.497289999999999566e+01 1.560030000000000072e+01 4.200000000000000178e+00
-8.702469999999999573e+01 1.065230000000000032e+01 4.200000000000000178e+00
-9.496999999999999886e+01 1.679390000000000072e+01 4.200000000000000178e+00
-9.501069999999999993e+01 1.660299999999999798e+01 4.200000000000000178e+00
-9.484250000000000114e+01 1.657400000000000162e+01 4.200000000000000178e+00
-9.496229999999999905e+01 1.652580000000000027e+01 4.200000000000000178e+00
-9.464579999999999416e+01 1.595819999999999972e+01 4.200000000000000178e+00
1.077299000000000007e+02 -5.879299999999999748e+00 4.200000000000000178e+00
-7.137430000000000518e+01 -2.834319999999999951e+01 4.200000000000000178e+00
-7.223760000000000048e+01 -3.178430000000000177e+01 4.200000000000000178e+00
-7.133740000000000236e+01 -2.944999999999999929e+01 4.200000000000000178e+00
1.194364999999999952e+02 -8.245100000000000762e+00 4.200000000000000178e+00
-9.492279999999999518e+01 1.667839999999999989e+01 4.200000000000000178e+00
5.531230000000000047e+01 2.828859999999999886e+01 4.200000000000000178e+00
9.034669999999999845e+01 3.392719999999999914e+01 4.200000000000000178e+00
-6.729779999999999518e+01 -2.450179999999999936e+01 4.200000000000000178e+00
-7.219670000000000698e+01 -3.170270000000000010e+01 4.200000000000000178e+00
-9.412669999999999959e+01 1.525520000000000032e+01 4.200000000000000178e+00
5.681790000000000163e+01 2.786990000000000123e+01 4.200000000000000178e+00
-6.861399999999999011e+01 1.860030000000000072e+01 4.150000000000000355e+00
1.232553999999999945e+02 -9.772500000000000853e+00 4.099999999999999645e+00
-9.311289999999999623e+01 1.563119999999999976e+01 4.099999999999999645e+00
1.269757000000000033e+02 2.518699999999999939e+00 4.099999999999999645e+00
1.757772999999999968e+02 -3.857079999999999842e+01 4.099999999999999645e+00
-1.114408999999999992e+02 4.262109999999999843e+01 4.099999999999999645e+00
-1.114125999999999976e+02 4.260940000000000083e+01 4.099999999999999645e+00
1.290310000000000059e+02 4.133399999999999608e+01 4.099999999999999645e+00
-1.114620000000000033e+02 4.264070000000000249e+01 4.099999999999999645e+00
-1.266319000000000017e+02 4.342069999999999652e+01 4.099999999999999645e+00
1.262783000000000015e+02 -4.526799999999999713e+00 4.099999999999999645e+00
-6.879009999999999536e+01 -2.107890000000000086e+01 4.099999999999999645e+00
1.790050999999999988e+02 -3.476239999999999952e+01 4.099999999999999645e+00
-7.527299999999999613e+01 -3.872330000000000183e+01 4.099999999999999645e+00
-1.785134999999999934e+02 -1.770380000000000109e+01 4.099999999999999645e+00
-1.512202000000000055e+02 6.067800000000000438e+01 4.099999999999999645e+00
-1.115276000000000067e+02 4.258859999999999957e+01 4.099999999999999645e+00
-1.628829999999999814e+02 5.360999999999999943e+01 4.099999999999999645e+00
1.397206999999999937e+02 2.923290000000000077e+01 4.099999999999999645e+00
-1.114138999999999982e+02 4.256459999999999866e+01 4.099999999999999645e+00
-1.113016999999999967e+02 4.254569999999999652e+01 4.099999999999999645e+00
-8.943470000000000653e+01 1.318970000000000020e+01 4.099999999999999645e+00
-6.649450000000000216e+01 -2.325009999999999977e+01 4.099999999999999645e+00
1.488483999999999980e+02 4.842649999999999721e+01 4.099999999999999645e+00
-7.028950000000000387e+01 -2.217640000000000100e+01 4.099999999999999645e+00
1.673524999999999920e+02 -4.516700000000000159e+01 4.099999999999999645e+00
-1.114273000000000025e+02 4.258679999999999666e+01 4.099999999999999645e+00
9.022790000000000532e+01 2.527499999999999858e+01 4.099999999999999645e+00
-9.421080000000000609e+01 1.516539999999999999e+01 4.099999999999999645e+00
-9.423700000000000898e+01 1.536689999999999934e+01 4.099999999999999645e+00
-9.415850000000000364e+01 1.507850000000000001e+01 4.099999999999999645e+00
-9.439109999999999445e+01 1.606609999999999872e+01 4.099999999999999645e+00
-9.409799999999999898e+01 1.536999999999999922e+01 4.099999999999999645e+00
-9.448319999999999652e+01 1.573969999999999914e+01 4.099999999999999645e+00
-1.114167000000000058e+02 4.256190000000000140e+01 4.099999999999999645e+00
-9.432280000000000086e+01 1.545369999999999955e+01 4.099999999999999645e+00
1.693875999999999920e+02 -1.957420000000000115e+01 4.099999999999999645e+00
-9.419299999999999784e+01 1.525619999999999976e+01 4.099999999999999645e+00
-9.386690000000000111e+01 1.570309999999999917e+01 4.099999999999999645e+00
1.281836000000000126e+02 -7.554199999999999804e+00 4.099999999999999645e+00
-1.114176999999999964e+02 4.255630000000000024e+01 4.099999999999999645e+00
1.299720000000000084e+02 -6.954799999999999649e+00 4.099999999999999645e+00
1.524651000000000067e+02 -1.031400000000000006e+01 4.099999999999999645e+00
-9.495669999999999789e+01 1.555049999999999955e+01 4.099999999999999645e+00
-1.114420999999999964e+02 4.254809999999999803e+01 4.099999999999999645e+00
-1.734770000000000039e+02 5.228960000000000008e+01 4.099999999999999645e+00
1.474651000000000067e+02 -4.933399999999999785e+00 4.099999999999999645e+00
-9.425409999999999400e+01 1.547649999999999970e+01 4.099999999999999645e+00
-9.305110000000000525e+01 1.439789999999999992e+01 4.099999999999999645e+00
-9.433129999999999882e+01 1.572470000000000034e+01 4.099999999999999645e+00
1.291684999999999945e+02 -7.202600000000000335e+00 4.099999999999999645e+00
-9.367100000000000648e+01 1.522250000000000014e+01 4.099999999999999645e+00
-6.731340000000000146e+01 -3.191199999999999903e+01 4.099999999999999645e+00
-1.788506999999999891e+02 -1.814689999999999870e+01 4.099999999999999645e+00
-9.414299999999998647e+01 1.523349999999999937e+01 4.099999999999999645e+00
-9.440779999999999461e+01 1.515520000000000067e+01 4.099999999999999645e+00
-6.676659999999999684e+01 -2.388929999999999865e+01 4.099999999999999645e+00
-8.759050000000000580e+01 1.207569999999999943e+01 4.099999999999999645e+00
-1.783907000000000096e+02 5.155199999999999960e+01 4.099999999999999645e+00
-9.484869999999999379e+01 1.599489999999999945e+01 4.099999999999999645e+00
-9.443729999999999336e+01 1.553320000000000078e+01 4.099999999999999645e+00
-9.414119999999999777e+01 1.496509999999999962e+01 4.099999999999999645e+00
-9.439579999999999416e+01 1.527679999999999971e+01 4.099999999999999645e+00
-9.429760000000000275e+01 1.582029999999999959e+01 4.099999999999999645e+00
-6.927049999999999841e+01 -1.801749999999999829e+01 4.099999999999999645e+00
1.377689000000000021e+02 3.301059999999999661e+01 4.099999999999999645e+00
-6.826789999999999736e+01 -3.827920000000000300e+01 4.099999999999999645e+00
1.290234000000000094e+02 -7.293499999999999872e+00 4.099999999999999645e+00
1.199925999999999959e+02 -7.537300000000000111e+00 4.099999999999999645e+00
1.227108000000000061e+02 -8.093899999999999650e+00 4.099999999999999645e+00
-1.522339000000000055e+02 5.962899999999999778e+01 4.099999999999999645e+00
-1.114523332999999923e+02 4.260716670000000050e+01 4.070000000000000284e+00
-1.509690999999999974e+02 6.303960000000000008e+01 4.000000000000000000e+00
5.710969999999999658e+01 2.782710000000000150e+01 4.000000000000000000e+00
1.707453999999999894e+02 5.339269999999999783e+01 4.000000000000000000e+00
-6.713880000000000337e+01 -2.419199999999999662e+01 4.000000000000000000e+00
1.588819000000000017e+02 -7.124600000000000044e+00 4.000000000000000000e+00
-6.744240000000000634e+01 -2.435660000000000025e+01 4.000000000000000000e+00
-1.114976000000000056e+02 4.267110000000000269e+01 4.000000000000000000e+00
-9.522169999999999845e+01 1.609450000000000003e+01 4.000000000000000000e+00
-6.679890000000000327e+01 -2.420840000000000103e+01 4.000000000000000000e+00
-1.114800999999999931e+02 4.259960000000000235e+01 4.000000000000000000e+00
-9.372620000000000573e+01 1.488509999999999955e+01 4.000000000000000000e+00
-9.380989999999999895e+01 1.535169999999999924e+01 4.000000000000000000e+00
-1.114154999999999944e+02 4.256309999999999860e+01 4.000000000000000000e+00
-9.460099999999999909e+01 1.585400000000000098e+01 4.000000000000000000e+00
-9.422069999999999368e+01 1.509249999999999936e+01 4.000000000000000000e+00
-1.743525999999999954e+02 5.247710000000000008e+01 4.000000000000000000e+00
-1.760508000000000095e+02 -1.614420000000000144e+01 4.000000000000000000e+00
-9.462609999999999388e+01 1.572760000000000069e+01 4.000000000000000000e+00
-7.083759999999999479e+01 -2.026109999999999900e+01 4.000000000000000000e+00
-9.408089999999999975e+01 1.531980000000000075e+01 4.000000000000000000e+00
-1.114617999999999967e+02 4.250959999999999894e+01 4.000000000000000000e+00
-9.321680000000000632e+01 1.535440000000000005e+01 4.000000000000000000e+00
1.771014999999999873e+02 5.168990000000000151e+01 4.000000000000000000e+00
1.182763000000000062e+02 -7.025699999999999612e+00 4.000000000000000000e+00
2.768499999999999872e+01 3.706889999999999930e+01 4.000000000000000000e+00
-9.555719999999999459e+01 1.569250000000000078e+01 4.000000000000000000e+00
-9.414709999999999468e+01 1.559559999999999924e+01 4.000000000000000000e+00
-7.208400000000000318e+01 -3.035109999999999886e+01 4.000000000000000000e+00
-6.744920000000000471e+01 -2.414059999999999917e+01 4.000000000000000000e+00
-6.903390000000000271e+01 -2.060569999999999879e+01 4.000000000000000000e+00
-9.490340000000000487e+01 1.647929999999999851e+01 4.000000000000000000e+00
-1.654720000000000084e+02 5.288159999999999883e+01 4.000000000000000000e+00
-1.681307999999999936e+02 5.159530000000000172e+01 4.000000000000000000e+00
-9.418019999999999925e+01 1.516060000000000052e+01 4.000000000000000000e+00
-6.879609999999999559e+01 1.868799999999999883e+01 3.990000000000000213e+00
-1.244173332999999815e+02 4.049533329999999864e+01 3.910000000000000142e+00
-1.114493999999999971e+02 4.265670000000000073e+01 3.899999999999999911e+00
-1.115234999999999985e+02 4.261050000000000182e+01 3.899999999999999911e+00
-1.713168000000000006e+02 5.227199999999999847e+01 3.899999999999999911e+00
-1.525601000000000056e+02 5.925439999999999685e+01 3.899999999999999911e+00
-1.114749000000000052e+02 4.257930000000000348e+01 3.899999999999999911e+00
-1.114090999999999951e+02 4.257359999999999900e+01 3.899999999999999911e+00
-9.374479999999999791e+01 1.516680000000000028e+01 3.899999999999999911e+00
-9.669889999999999475e+01 3.585860000000000269e+01 3.899999999999999911e+00
-7.023789999999999623e+01 -3.173880000000000123e+01 3.899999999999999911e+00
-1.390266000000000020e+02 5.801970000000000027e+01 3.899999999999999911e+00
-7.762959999999999638e+01 -1.213470000000000049e+01 3.899999999999999911e+00
-6.411910000000000309e+01 1.980150000000000077e+01 3.819999999999999840e+00
-1.764496000000000038e+02 5.185459999999999781e+01 3.799999999999999822e+00
-1.114398000000000053e+02 4.259239999999999782e+01 3.799999999999999822e+00
-1.114264000000000010e+02 4.253349999999999653e+01 3.799999999999999822e+00
-1.114518000000000058e+02 4.256889999999999930e+01 3.799999999999999822e+00
-1.114479999999999933e+02 4.260199999999999676e+01 3.799999999999999822e+00
-1.114257999999999953e+02 4.256219999999999715e+01 3.799999999999999822e+00
-1.113478000000000065e+02 4.256369999999999720e+01 3.799999999999999822e+00
-1.630371000000000095e+02 5.393950000000000244e+01 3.799999999999999822e+00
-1.049548000000000059e+02 3.703690000000000282e+01 3.799999999999999822e+00
-1.617529999999999859e+02 5.436970000000000169e+01 3.799999999999999822e+00
-8.790983330000000251e+01 3.842383329999999830e+01 3.799999999999999822e+00
-1.114291999999999945e+02 4.254330000000000211e+01 3.799999999999999822e+00
-9.713710000000000377e+01 3.637270000000000181e+01 3.799999999999999822e+00
-1.254789999999999992e+02 4.903733330000000024e+01 3.779999999999999805e+00
-1.114639999999999986e+02 4.259133329999999518e+01 3.740000000000000213e+00
-6.829049999999999443e+01 1.932829999999999870e+01 3.729999999999999982e+00
-6.409310000000000684e+01 1.991929999999999978e+01 3.720000000000000195e+00
-1.114860000000000042e+02 4.264470000000000027e+01 3.700000000000000178e+00
-1.114950999999999937e+02 4.266760000000000019e+01 3.700000000000000178e+00
-1.114179999999999922e+02 4.260649999999999693e+01 3.700000000000000178e+00
-1.114121999999999986e+02 4.257319999999999993e+01 3.700000000000000178e+00
-1.114983000000000004e+02 4.263810000000000144e+01 3.700000000000000178e+00
-9.718299999999999272e+01 3.566179999999999950e+01 3.700000000000000178e+00
-1.114481999999999999e+02 4.259380000000000166e+01 3.700000000000000178e+00
-1.664022999999999968e+02 5.194899999999999807e+01 3.700000000000000178e+00
-1.114564000000000021e+02 4.260999999999999943e+01 3.700000000000000178e+00
-1.657041000000000111e+02 5.344980000000000331e+01 3.700000000000000178e+00
-1.114569000000000045e+02 4.262380000000000280e+01 3.700000000000000178e+00
-1.570909000000000049e+02 5.517510000000000048e+01 3.700000000000000178e+00
-1.114153000000000020e+02 4.257159999999999656e+01 3.700000000000000178e+00
-1.613300000000000125e+02 5.495159999999999911e+01 3.700000000000000178e+00
-1.601085999999999956e+02 5.529310000000000258e+01 3.700000000000000178e+00
-1.114675000000000011e+02 4.262916669999999897e+01 3.680000000000000160e+00
-1.574876666999999770e+02 2.164216669999999709e+01 3.660000000000000142e+00
-1.114501667000000111e+02 4.264866669999999971e+01 3.649999999999999911e+00
-1.177698332999999877e+02 3.601933329999999955e+01 3.649999999999999911e+00
-1.219836667000000148e+02 4.089133329999999944e+01 3.649999999999999911e+00
-6.429959999999999809e+01 1.991529999999999845e+01 3.640000000000000124e+00
-6.405259999999999820e+01 1.845309999999999917e+01 3.640000000000000124e+00
-6.873480000000000700e+01 1.742129999999999868e+01 3.620000000000000107e+00
-1.184756667000000192e+02 3.408666670000000209e+01 3.609999999999999876e+00
-1.114590000000000032e+02 4.263629999999999853e+01 3.600000000000000089e+00
-1.114287999999999954e+02 4.260360000000000014e+01 3.600000000000000089e+00
-1.114151999999999987e+02 4.263940000000000197e+01 3.600000000000000089e+00
-1.114651999999999958e+02 4.264039999999999964e+01 3.600000000000000089e+00
-1.114620000000000033e+02 4.259649999999999892e+01 3.600000000000000089e+00
-1.114347999999999956e+02 4.254529999999999745e+01 3.600000000000000089e+00
-1.114692000000000007e+02 4.260640000000000072e+01 3.600000000000000089e+00
-1.049506999999999977e+02 3.699560000000000315e+01 3.600000000000000089e+00
-1.114277000000000015e+02 4.255919999999999703e+01 3.600000000000000089e+00
-1.114282999999999930e+02 4.255360000000000298e+01 3.600000000000000089e+00
-9.673919999999999675e+01 3.556369999999999720e+01 3.600000000000000089e+00
-1.114415999999999940e+02 4.257529999999999859e+01 3.600000000000000089e+00
-1.114625999999999948e+02 4.261540000000000106e+01 3.600000000000000089e+00
-1.495425999999999931e+02 6.354140000000000299e+01 3.600000000000000089e+00
-1.564847000000000037e+02 5.789690000000000225e+01 3.600000000000000089e+00
-1.703853000000000009e+02 5.220810000000000173e+01 3.600000000000000089e+00
-6.869910000000000139e+01 1.921580000000000155e+01 3.549999999999999822e+00
-6.872410000000000707e+01 1.950250000000000128e+01 3.549999999999999822e+00
-6.866030000000000655e+01 1.742810000000000059e+01 3.540000000000000036e+00
-1.166565017999999867e+02 3.103066639999999765e+01 3.509999999999999787e+00
-1.577361999999999966e+02 2.002870000000000061e+01 3.500000000000000000e+00
-1.114423000000000030e+02 4.260840000000000316e+01 3.500000000000000000e+00
-1.114555000000000007e+02 4.257009999999999650e+01 3.500000000000000000e+00
-1.114565999999999946e+02 4.258100000000000307e+01 3.500000000000000000e+00
-1.114557999999999964e+02 4.260690000000000310e+01 3.500000000000000000e+00
-1.114296999999999969e+02 4.257600000000000051e+01 3.500000000000000000e+00
-1.114458000000000055e+02 4.258800000000000097e+01 3.500000000000000000e+00
-1.114077000000000055e+02 4.256490000000000151e+01 3.500000000000000000e+00
-1.657753999999999905e+02 5.343149999999999977e+01 3.500000000000000000e+00
-1.113875000000000028e+02 4.253920000000000101e+01 3.500000000000000000e+00
-1.114215999999999980e+02 4.261469999999999914e+01 3.500000000000000000e+00
1.708111000000000104e+02 5.386070000000000135e+01 3.500000000000000000e+00
-8.574500000000000455e+00 3.712469999999999715e+01 3.500000000000000000e+00
-1.784946999999999946e+02 5.166519999999999868e+01 3.500000000000000000e+00
-1.777224999999999966e+02 5.170929999999999893e+01 3.500000000000000000e+00
-1.114428999999999945e+02 4.261350000000000193e+01 3.500000000000000000e+00
-1.599517999999999915e+02 5.481730000000000302e+01 3.500000000000000000e+00
1.290524000000000058e+02 4.131159999999999854e+01 3.500000000000000000e+00
-1.784213000000000022e+02 5.163360000000000127e+01 3.500000000000000000e+00
-1.125237999999999943e+02 4.684859999999999758e+01 3.500000000000000000e+00
-1.520599999999999952e+00 4.789479999999999649e+01 3.500000000000000000e+00
-6.851250000000000284e+01 1.778549999999999898e+01 3.500000000000000000e+00
-1.156158332999999914e+02 3.284383330000000001e+01 3.470000000000000195e+00
-1.114549999999999983e+02 4.262333329999999876e+01 3.459999999999999964e+00
-6.511060000000000514e+01 1.950049999999999883e+01 3.430000000000000160e+00
-1.114318332999999939e+02 4.259716670000000249e+01 3.430000000000000160e+00
-1.114268332999999842e+02 4.252233329999999967e+01 3.430000000000000160e+00
-6.462949999999999307e+01 1.919150000000000134e+01 3.430000000000000160e+00
-6.427429999999999666e+01 1.874399999999999977e+01 3.410000000000000142e+00
-6.797580000000000666e+01 1.947259999999999991e+01 3.410000000000000142e+00
-1.159689000000000050e+02 4.080429999999999779e+01 3.399999999999999911e+00
-1.365312999999999874e+02 5.976890000000000214e+01 3.399999999999999911e+00
-1.114101667000000191e+02 4.268683329999999643e+01 3.399999999999999911e+00
-1.114175999999999931e+02 4.259140000000000015e+01 3.399999999999999911e+00
-1.114305999999999983e+02 4.260800000000000409e+01 3.399999999999999911e+00
-1.114398000000000053e+02 4.263899999999999579e+01 3.399999999999999911e+00
-1.113756999999999948e+02 4.256560000000000343e+01 3.399999999999999911e+00
-1.159972999999999956e+02 4.076509999999999678e+01 3.399999999999999911e+00
-1.115309000000000026e+02 4.260849999999999937e+01 3.399999999999999911e+00
-1.661574999999999989e+02 5.171090000000000231e+01 3.399999999999999911e+00
-1.704836999999999989e+02 5.223530000000000229e+01 3.399999999999999911e+00
-1.293034000000000106e+02 4.426380000000000337e+01 3.399999999999999911e+00
-1.694896999999999991e+02 5.245539999999999736e+01 3.399999999999999911e+00
-1.114184999999999945e+02 4.256250000000000000e+01 3.399999999999999911e+00
-1.733264000000000067e+02 5.253770000000000095e+01 3.399999999999999911e+00
-1.695449000000000126e+02 5.256320000000000192e+01 3.399999999999999911e+00
-1.114142999999999972e+02 4.254379999999999740e+01 3.399999999999999911e+00
-1.730578999999999894e+02 5.277199999999999847e+01 3.399999999999999911e+00
-1.693350000000000080e+02 5.211509999999999820e+01 3.399999999999999911e+00
-1.455870999999999924e+02 6.164589999999999748e+01 3.399999999999999911e+00
-1.659732999999999947e+02 5.341089999999999804e+01 3.399999999999999911e+00
-1.569612999999999943e+02 5.600509999999999877e+01 3.399999999999999911e+00
-1.487971000000000004e+02 5.605949999999999989e+01 3.399999999999999911e+00
-1.513312999999999988e+02 6.207469999999999999e+01 3.399999999999999911e+00
-1.487965000000000089e+02 6.280409999999999826e+01 3.399999999999999911e+00
-1.188949000000000069e+02 3.836529999999999774e+01 3.399999999999999911e+00
-8.388620000000000232e+01 9.972000000000001307e+00 3.399999999999999911e+00
-6.405859999999999843e+01 1.818509999999999849e+01 3.390000000000000124e+00
-1.156161667000000079e+02 3.316966670000000050e+01 3.370000000000000107e+00
-1.120559999999999974e+02 3.861500000000000199e+01 3.339999999999999858e+00
-1.188354999999999961e+02 3.750549999999999784e+01 3.339999999999999858e+00
-1.554770049999999912e+02 1.921033290000000093e+01 3.339999999999999858e+00
-6.839849999999999852e+01 1.790230000000000032e+01 3.319999999999999840e+00
-1.270845000000000056e+02 4.034833330000000018e+01 3.319999999999999840e+00
-1.552545000000000073e+02 1.976983330000000194e+01 3.310000000000000053e+00
-6.797410000000000707e+01 1.811110000000000042e+01 3.310000000000000053e+00
-1.740694000000000017e+02 5.149940000000000140e+01 3.299999999999999822e+00
-1.114783999999999935e+02 4.263049999999999784e+01 3.299999999999999822e+00
-1.114711000000000070e+02 4.261889999999999645e+01 3.299999999999999822e+00
-1.114716999999999985e+02 4.265140000000000242e+01 3.299999999999999822e+00
-1.114672000000000054e+02 4.256640000000000157e+01 3.299999999999999822e+00
-1.114201999999999941e+02 4.260880000000000223e+01 3.299999999999999822e+00
-1.513795000000000073e+02 6.108330000000000126e+01 3.299999999999999822e+00
-1.114733999999999980e+02 4.260679999999999978e+01 3.299999999999999822e+00
-1.114994999999999976e+02 4.260889999999999844e+01 3.299999999999999822e+00
-1.114677999999999969e+02 4.260060000000000002e+01 3.299999999999999822e+00
-1.114270000000000067e+02 4.258420000000000272e+01 3.299999999999999822e+00
-1.114221000000000004e+02 4.257990000000000208e+01 3.299999999999999822e+00
-1.114585000000000008e+02 4.261079999999999757e+01 3.299999999999999822e+00
-1.291265999999999963e+02 4.438060000000000116e+01 3.299999999999999822e+00
-1.290660000000000025e+02 4.447540000000000049e+01 3.299999999999999822e+00
-9.680400000000000205e+01 3.599179999999999779e+01 3.299999999999999822e+00
-1.509106999999999914e+02 6.299300000000000210e+01 3.299999999999999822e+00
-1.114239000000000033e+02 4.254359999999999786e+01 3.299999999999999822e+00
-1.114510999999999967e+02 4.259590000000000032e+01 3.299999999999999822e+00
1.780406999999999869e+02 5.185949999999999704e+01 3.299999999999999822e+00
-9.751120000000000232e+01 3.628540000000000276e+01 3.299999999999999822e+00
-1.629113999999999862e+02 5.239189999999999969e+01 3.299999999999999822e+00
-6.503900000000000148e+01 1.871649999999999991e+01 3.299999999999999822e+00
-1.733163999999999874e+02 5.043869999999999720e+01 3.299999999999999822e+00
1.994129999999999825e+01 3.990630000000000166e+01 3.299999999999999822e+00
-1.218135000000000048e+02 3.741166670000000494e+01 3.279999999999999805e+00
-1.218056667000000175e+02 3.741400000000000148e+01 3.279999999999999805e+00
-1.116091667000000172e+02 4.070083329999999933e+01 3.279999999999999805e+00
-1.270139999999999958e+02 4.047116670000000482e+01 3.279999999999999805e+00
-6.786730000000000018e+01 1.808680000000000021e+01 3.270000000000000018e+00
-1.162760000000000105e+02 3.397533329999999552e+01 3.259999999999999787e+00
-6.727360000000000184e+01 1.937249999999999872e+01 3.250000000000000000e+00
-1.552309999999999945e+02 1.929083330000000274e+01 3.250000000000000000e+00
-6.504110000000000014e+01 1.920210000000000150e+01 3.240000000000000213e+00
-1.193031667000000198e+02 3.503283330000000007e+01 3.229999999999999982e+00
-1.271634999999999991e+02 4.013783329999999694e+01 3.209999999999999964e+00
-1.114018999999999977e+02 4.266440000000000055e+01 3.200000000000000178e+00
-1.114588999999999999e+02 4.253659999999999997e+01 3.200000000000000178e+00
-1.114491000000000014e+02 4.264050000000000296e+01 3.200000000000000178e+00
-1.114600999999999971e+02 4.265780000000000172e+01 3.200000000000000178e+00
-1.114799000000000007e+02 4.266210000000000235e+01 3.200000000000000178e+00
1.797096999999999980e+02 5.114820000000000277e+01 3.200000000000000178e+00
-1.114908999999999963e+02 4.268119999999999692e+01 3.200000000000000178e+00
-1.114348999999999990e+02 4.256830000000000069e+01 3.200000000000000178e+00
-1.114197000000000060e+02 4.264269999999999783e+01 3.200000000000000178e+00
-1.114474000000000018e+02 4.259530000000000172e+01 3.200000000000000178e+00
-1.114196000000000026e+02 4.259839999999999804e+01 3.200000000000000178e+00
-1.114052999999999969e+02 4.257509999999999906e+01 3.200000000000000178e+00
-1.114488000000000056e+02 4.257950000000000301e+01 3.200000000000000178e+00
-1.114480999999999966e+02 4.259270000000000067e+01 3.200000000000000178e+00
-1.127977000000000061e+02 4.698140000000000072e+01 3.200000000000000178e+00
-1.114308000000000050e+02 4.256000000000000227e+01 3.200000000000000178e+00
-1.658016000000000076e+02 5.344210000000000349e+01 3.200000000000000178e+00
-1.799771000000000072e+02 5.017800000000000438e+01 3.200000000000000178e+00
-1.356109999999999900e+02 6.626309999999999434e+01 3.200000000000000178e+00
-1.114459999999999980e+02 4.265979999999999706e+01 3.200000000000000178e+00
-1.114100999999999999e+02 4.256530000000000058e+01 3.200000000000000178e+00
-1.114200000000000017e+02 4.254529999999999745e+01 3.200000000000000178e+00
-1.114150999999999954e+02 4.256300000000000239e+01 3.200000000000000178e+00
-1.114221000000000004e+02 4.257739999999999725e+01 3.200000000000000178e+00
-1.501150000000000091e+02 6.314500000000000313e+01 3.200000000000000178e+00
-8.070300000000000296e+01 3.747283329999999779e+01 3.200000000000000178e+00
-1.125645999999999987e+02 4.687930000000000064e+01 3.200000000000000178e+00
2.289900000000000091e+01 4.267040000000000077e+01 3.200000000000000178e+00
-1.114441999999999950e+02 4.252409999999999712e+01 3.200000000000000178e+00
-9.794060000000000343e+01 3.730960000000000321e+01 3.200000000000000178e+00
-1.784045999999999879e+02 5.159989999999999810e+01 3.200000000000000178e+00
-1.114402999999999935e+02 4.258600000000000563e+01 3.200000000000000178e+00
-1.032947000000000060e+02 3.116839999999999833e+01 3.200000000000000178e+00
-1.624073999999999955e+02 5.536840000000000117e+01 3.200000000000000178e+00
-1.528331000000000017e+02 5.987319999999999709e+01 3.200000000000000178e+00
-1.644161000000000001e+02 5.366969999999999885e+01 3.200000000000000178e+00
-1.631811999999999898e+02 5.401180000000000092e+01 3.200000000000000178e+00
-1.547144000000000119e+02 5.729749999999999943e+01 3.200000000000000178e+00
-1.650259000000000071e+02 5.358030000000000115e+01 3.200000000000000178e+00
-9.875060000000000571e+01 3.643959999999999866e+01 3.200000000000000178e+00
3.048770000000000024e+01 3.974960000000000093e+01 3.200000000000000178e+00
-1.114338999999999942e+02 4.258089999999999975e+01 3.200000000000000178e+00
-1.114685999999999950e+02 4.260860000000000269e+01 3.200000000000000178e+00
-9.815349999999999397e+01 3.737389999999999901e+01 3.200000000000000178e+00
1.765886000000000138e+02 5.146640000000000015e+01 3.200000000000000178e+00
-1.053739000000000061e+02 3.587080000000000268e+01 3.200000000000000178e+00
-1.114565999999999946e+02 4.265200000000000102e+01 3.200000000000000178e+00
-1.177673332999999900e+02 3.601899999999999835e+01 3.189999999999999947e+00
-1.215468332999999888e+02 3.682916670000000181e+01 3.180000000000000160e+00
-1.108416667000000189e+02 4.430233330000000080e+01 3.149999999999999911e+00
-1.562846667000000025e+02 1.921699999999999875e+01 3.120000000000000107e+00
-6.651229999999999620e+01 1.909099999999999753e+01 3.120000000000000107e+00
-6.759600000000000364e+01 1.926879999999999882e+01 3.120000000000000107e+00
-6.744209999999999638e+01 1.875280000000000058e+01 3.109999999999999876e+00
-6.788660000000000139e+01 1.806599999999999895e+01 3.109999999999999876e+00
-1.114651999999999958e+02 4.263219999999999743e+01 3.100000000000000089e+00
-1.114368000000000052e+02 4.261970000000000169e+01 3.100000000000000089e+00
-1.113643000000000001e+02 4.258200000000000074e+01 3.100000000000000089e+00
-1.114256000000000029e+02 4.263569999999999993e+01 3.100000000000000089e+00
-1.032635999999999967e+02 3.117310000000000159e+01 3.100000000000000089e+00
-1.114329000000000036e+02 4.263490000000000180e+01 3.100000000000000089e+00
-1.756670000000000016e+02 5.167360000000000042e+01 3.100000000000000089e+00
-1.783742000000000019e+02 5.153940000000000055e+01 3.100000000000000089e+00
-1.114789999999999992e+02 4.261299999999999955e+01 3.100000000000000089e+00
1.771787999999999954e+02 5.057269999999999754e+01 3.100000000000000089e+00
-1.114033000000000015e+02 4.258590000000000231e+01 3.100000000000000089e+00
-1.113931999999999931e+02 4.256819999999999737e+01 3.100000000000000089e+00
-1.114602000000000004e+02 4.257699999999999818e+01 3.100000000000000089e+00
-1.114147999999999996e+02 4.256649999999999778e+01 3.100000000000000089e+00
-1.114585000000000008e+02 4.260759999999999792e+01 3.100000000000000089e+00
-1.114555000000000007e+02 4.260170000000000101e+01 3.100000000000000089e+00
-1.783934000000000140e+02 5.159870000000000090e+01 3.100000000000000089e+00
-1.799223000000000070e+02 5.120439999999999969e+01 3.100000000000000089e+00
-1.114645000000000010e+02 4.262250000000000227e+01 3.100000000000000089e+00
-1.114688000000000017e+02 4.261269999999999669e+01 3.100000000000000089e+00
-1.114514999999999958e+02 4.257319999999999993e+01 3.100000000000000089e+00
-1.783417000000000030e+02 5.162389999999999901e+01 3.100000000000000089e+00
-9.680150000000000432e+01 3.599139999999999873e+01 3.100000000000000089e+00
-1.114839999999999947e+02 4.266179999999999950e+01 3.100000000000000089e+00
-1.114403999999999968e+02 4.260100000000000620e+01 3.100000000000000089e+00
-1.114317999999999955e+02 4.256040000000000134e+01 3.100000000000000089e+00
-1.114616999999999933e+02 4.262839999999999918e+01 3.100000000000000089e+00
-1.114502999999999986e+02 4.260110000000000241e+01 3.100000000000000089e+00
-1.114150999999999954e+02 4.254999999999999716e+01 3.100000000000000089e+00
-1.114094000000000051e+02 4.254879999999999995e+01 3.100000000000000089e+00
-1.377475000000000023e+02 6.037349999999999994e+01 3.100000000000000089e+00
-1.471196999999999946e+02 6.014439999999999742e+01 3.100000000000000089e+00
-1.114646999999999935e+02 4.260860000000000269e+01 3.100000000000000089e+00
-1.114619000000000000e+02 4.259219999999999828e+01 3.100000000000000089e+00
-1.716633999999999958e+02 5.180830000000000268e+01 3.100000000000000089e+00
-1.673925000000000125e+02 5.346820000000000306e+01 3.100000000000000089e+00
-1.114211999999999989e+02 4.252320000000000277e+01 3.100000000000000089e+00
-6.753509999999999991e+01 1.878480000000000061e+01 3.100000000000000089e+00
-1.114378999999999991e+02 4.260569999999999879e+01 3.100000000000000089e+00
1.785336000000000070e+02 5.137440000000000140e+01 3.100000000000000089e+00
-9.698180000000000689e+01 3.577879999999999683e+01 3.100000000000000089e+00
-1.707033999999999878e+02 5.228549999999999898e+01 3.100000000000000089e+00
-1.604781000000000120e+02 5.599759999999999849e+01 3.100000000000000089e+00
-9.680939999999999657e+01 3.598830000000000240e+01 3.100000000000000089e+00
-1.114706000000000046e+02 4.261540000000000106e+01 3.100000000000000089e+00
-1.788238000000000056e+02 5.223160000000000025e+01 3.100000000000000089e+00
1.784863000000000000e+02 5.126769999999999783e+01 3.100000000000000089e+00
-1.114287000000000063e+02 4.253410000000000224e+01 3.100000000000000089e+00
-1.730149000000000115e+02 5.230259999999999820e+01 3.100000000000000089e+00
1.781770999999999958e+02 5.182670000000000243e+01 3.100000000000000089e+00
-1.554938999999999965e+02 5.855600000000000449e+01 3.100000000000000089e+00
-1.152208332999999811e+02 3.222083329999999535e+01 3.100000000000000089e+00
-1.114501667000000111e+02 4.262166669999999868e+01 3.089999999999999858e+00
-6.744610000000000127e+01 1.874279999999999902e+01 3.080000000000000071e+00
-1.114886667000000102e+02 4.267166670000000295e+01 3.060000000000000053e+00
-8.791299999999999670e+01 3.842499999999999716e+01 3.060000000000000053e+00
-1.145865000000000009e+02 4.851850000000000307e+01 3.060000000000000053e+00
-1.272118332999999808e+02 4.058133329999999717e+01 3.060000000000000053e+00
-6.650530000000000541e+01 1.909550000000000125e+01 3.049999999999999822e+00
-6.770149999999999579e+01 1.909329999999999927e+01 3.049999999999999822e+00
-1.554668333000000189e+02 1.919766669999999920e+01 3.040000000000000036e+00
-6.786180000000000234e+01 1.896049999999999969e+01 3.029999999999999805e+00
-1.169263332999999818e+02 3.397449999999999903e+01 3.029999999999999805e+00
-6.772299999999999898e+01 1.920060000000000144e+01 3.029999999999999805e+00
-6.765030000000000143e+01 1.817530000000000001e+01 3.009999999999999787e+00
-1.253621667000000173e+02 4.039150000000000063e+01 3.009999999999999787e+00
-1.164596999999999980e+02 4.043820000000000192e+01 3.000000000000000000e+00
-1.114510000000000076e+02 4.261679999999999779e+01 3.000000000000000000e+00
-1.114900999999999982e+02 4.267349999999999710e+01 3.000000000000000000e+00
-1.114712999999999994e+02 4.262859999999999872e+01 3.000000000000000000e+00
-1.113730999999999938e+02 4.266660000000000252e+01 3.000000000000000000e+00
-1.561167000000000087e+02 5.796500000000000341e+01 3.000000000000000000e+00
-1.113995000000000033e+02 4.265059999999999718e+01 3.000000000000000000e+00
-1.114603000000000037e+02 4.261149999999999949e+01 3.000000000000000000e+00
-1.114718000000000018e+02 4.261549999999999727e+01 3.000000000000000000e+00
-1.115620000000000118e+02 4.263499999999999801e+01 3.000000000000000000e+00
-1.114643999999999977e+02 4.263230000000000075e+01 3.000000000000000000e+00
-1.114753000000000043e+02 4.261600000000000676e+01 3.000000000000000000e+00
-1.369284000000000106e+02 5.955010000000000048e+01 3.000000000000000000e+00
-1.114779000000000053e+02 4.260929999999999751e+01 3.000000000000000000e+00
-1.114176999999999964e+02 4.256899999999999551e+01 3.000000000000000000e+00
-1.430497000000000014e+02 6.032970000000000255e+01 3.000000000000000000e+00
-1.114505000000000052e+02 4.259369999999999834e+01 3.000000000000000000e+00
-1.114123000000000019e+02 4.256179999999999808e+01 3.000000000000000000e+00
-1.114421999999999997e+02 4.259799999999999898e+01 3.000000000000000000e+00
-1.114605999999999995e+02 4.262709999999999866e+01 3.000000000000000000e+00
-1.114548000000000059e+02 4.261659999999999826e+01 3.000000000000000000e+00
-1.114489999999999981e+02 4.261199999999999477e+01 3.000000000000000000e+00
-1.114548999999999950e+02 4.256490000000000151e+01 3.000000000000000000e+00
-1.640677000000000021e+02 5.388320000000000221e+01 3.000000000000000000e+00
-1.532238999999999862e+02 6.017170000000000130e+01 3.000000000000000000e+00
-9.750690000000000168e+01 3.628719999999999857e+01 3.000000000000000000e+00
-9.770260000000000389e+01 3.664099999999999824e+01 3.000000000000000000e+00
-1.584860999999999933e+02 5.543500000000000227e+01 3.000000000000000000e+00
-1.114316000000000031e+02 4.256110000000000326e+01 3.000000000000000000e+00
-1.114181999999999988e+02 4.255089999999999861e+01 3.000000000000000000e+00
-1.114582999999999942e+02 4.259349999999999881e+01 3.000000000000000000e+00
-1.785540000000000020e+02 5.159159999999999968e+01 3.000000000000000000e+00
-1.114685000000000059e+02 4.267199999999999704e+01 3.000000000000000000e+00
-1.114437999999999960e+02 4.254959999999999809e+01 3.000000000000000000e+00
-1.114364000000000061e+02 4.257330000000000325e+01 3.000000000000000000e+00
-1.114365999999999985e+02 4.254760000000000275e+01 3.000000000000000000e+00
-1.114147999999999996e+02 4.254129999999999967e+01 3.000000000000000000e+00
-1.114710000000000036e+02 4.260899999999999466e+01 3.000000000000000000e+00
-1.482438999999999965e+02 6.601609999999999445e+01 3.000000000000000000e+00
-1.742778000000000134e+02 5.211010000000000275e+01 3.000000000000000000e+00
-1.705817000000000121e+02 5.236650000000000205e+01 3.000000000000000000e+00
1.790007999999999981e+02 5.016530000000000200e+01 3.000000000000000000e+00
-1.365940999999999974e+02 5.976729999999999876e+01 3.000000000000000000e+00
-1.114525000000000006e+02 4.260289999999999822e+01 3.000000000000000000e+00
-1.544291000000000054e+02 5.772540000000000049e+01 3.000000000000000000e+00
-1.667548999999999921e+02 5.314100000000000534e+01 3.000000000000000000e+00
-9.751930000000000121e+01 3.628529999999999944e+01 3.000000000000000000e+00
-1.114506999999999977e+02 4.259909999999999997e+01 3.000000000000000000e+00
-9.796649999999999636e+01 3.727980000000000160e+01 3.000000000000000000e+00
-1.398925999999999874e+02 6.477649999999999864e+01 3.000000000000000000e+00
-1.114284999999999997e+02 4.258469999999999800e+01 3.000000000000000000e+00
-1.530175000000000125e+02 5.576749999999999829e+01 3.000000000000000000e+00
-1.791730000000000018e+02 5.205539999999999878e+01 3.000000000000000000e+00
-1.677470000000000141e+02 5.682070000000000221e+01 3.000000000000000000e+00
-1.791381000000000085e+02 5.121549999999999869e+01 3.000000000000000000e+00
-1.114508000000000010e+02 4.260640000000000072e+01 3.000000000000000000e+00
-1.588511000000000024e+02 5.565429999999999922e+01 3.000000000000000000e+00
-1.114268000000000001e+02 4.258299999999999841e+01 3.000000000000000000e+00
-1.604523000000000081e+02 5.307889999999999731e+01 3.000000000000000000e+00
-1.529584999999999866e+02 6.023940000000000339e+01 3.000000000000000000e+00
-1.153971667000000139e+02 3.238300000000000267e+01 3.000000000000000000e+00
-1.266543000000000063e+02 4.046779999999999688e+01 3.000000000000000000e+00
-1.273302999999999940e+02 4.044140000000000157e+01 3.000000000000000000e+00
-1.032693000000000012e+02 3.115109999999999957e+01 3.000000000000000000e+00
-1.798546000000000049e+02 5.103370000000000317e+01 3.000000000000000000e+00
-9.680249999999999488e+01 3.599150000000000205e+01 3.000000000000000000e+00
-9.669679999999999609e+01 3.585490000000000066e+01 3.000000000000000000e+00
-1.267099999999999937e+02 4.343289999999999651e+01 3.000000000000000000e+00
